x = 1484.90820312
y = -1730.87292480
z = 13.38281250
