Level = 0
Exp = 0
Nivel de procurado = 0
Money = 99964900
Password = a
X = 1481.17272949
Y = -1766.96423339
Z = 19.29575538
IsVip = 0
Skin = 154
Vida = 0.00000000
Fome = 100
Sede = 100
Sono = 100
HabTerrestre = 1
HabAerea = 0
HabAquatica = 0
MultasT = 0
MultasAr = 0
MultasAq = 0
Radio = 0
Emprego = Jornal
Salario = 600
Banco = 0
Porte de Armas = 1
