Level = 0
Exp = 0
Nivel de procurado = 0
Money = 132500
Password = a
X = 1437.55200195
Y = 2656.08471679
Z = 11.89261245
IsVip = 0
Skin = 154
Vida = 0.00000000
Fome = 100
Sede = 100
Sono = 100
HabTerrestre = 1
HabAerea = 0
HabAquatica = 0
MultasT = 0
MultasAr = 0
MultasAq = 0
Radio = 0
Emprego = Pizza
Salario = 900
Banco = 1
SenhaBanco = a
DinheiroBanco = 100000
Interior = 0
LicencaCasa = 0
