Level = 0
Exp = 0
Nivel de procurado = 0
Money = 0
Password = a
X = 291.44070434
Y = 308.99490356
Z = 999.64843750
IsVip = 0
Skin = 154
Vida = 0.00000000
Fome = 100
Sede = 100
Sono = 100
HabTerrestre = 1
HabAerea = 0
HabAquatica = 0
MultasT = 0
MultasAr = 0
MultasAq = 0
Radio = 0
Emprego = Pizza
Salario = 900
Banco = 1
SenhaBanco = a
DinheiroBanco = 100000
