Level = 0
Exp = 0
Nivel de procurado = 0
Money = 10000
Password = a
X = 1475.45153808
Y = -1739.65515136
Z = 14.04687500
IsVip = 0
Skin = 154
Vida = 0.00000000
Fome = 100
Sede = 100
Sono = 100
HabTerrestre = 0
HabAerea = 0
HabAquatica = 0
MultasT = 0
MultasAr = 0
MultasAq = 0
Radio = 0
Emprego = Nenhum
Salario = 0
Banco = 0
