Proprietario = Ninguem
Tipo = 0
X = 2493.16064453
Y = -1956.79431152
Z = 13.59773063
Preco = 500000
