Proprietario = Ninguem
Tipo = 0
X = -1272.97436523
Y = 2712.38842773
Z = 50.26628112
Preco = 250000
