Proprietario = Ninguem
Tipo = 0
X = 2400.35815429
Y = -1980.80139160
Z = 13.54687500
Preco = 500000
