Proprietario = Ninguem
Tipo = 3
X = -1942.09423828
Y = 2379.39062500
Z = 49.70312500
Preco = 350000
