Proprietario = Ninguem
Tipo = 0
X = 2884.49877929
Y = 2453.97631835
Z = 11.06895637
Preco = 250000
