Proprietario = Ninguem
Tipo = 0
X = -289.08435058
Y = 2691.31909179
Z = 62.68750000
Preco = 250000
