Proprietario = Ninguem
Tipo = 4
X = 2907.33642578
Y = 2477.59960937
Z = 11.06250000
Preco = 250000
