Proprietario = Ninguem
Tipo = 4
X = 2825.88256835
Y = 2407.23413085
Z = 11.06250000
Preco = 250000
