Proprietario = Ninguem
Tipo = 4
X = 2802.22509765
Y = 2430.07177734
Z = 11.06250000
Preco = 350000
