Proprietario = Ninguem
Tipo = 0
X = 2810.91040039
Y = 1987.68286132
Z = 10.82031250
Preco = 350000
