Proprietario = Ninguem
Tipo = 4
X = 2572.08911132
Y = 1904.70556640
Z = 11.02343750
Preco = 350000
