Proprietario = Ninguem
Tipo = 3
X = -19.31201553
Y = 1175.29614257
Z = 19.56338119
Preco = 350000
