Pickup = 1212
X = 1480.99328613
Y = -1770.18115234
Z = 18.79575538
Interior = 3
