Pickup = 1212
X = 1481.02392578
Y = -1769.09179687
Z = 18.79575538
Interior = 3
