Pickup = 1247
X = 1553.90185546
Y = -1675.50915527
Z = 16.19531250
