Pickup = 1247
X = 1552.99536132
Y = -1675.57055664
Z = 16.19531250
Interior = 6
