Pickup = 1212
X = -2764.40014648
Y = 375.51943969
Z = 6.34101104
