Pickup = 1274
X = 207.85874938
Y = -63.89707946
Z = 1.57812500
Interior = 3
