Pickup = 1239
X = -1754.05029296
Y = 962.40368652
Z = 24.88281250
