Pickup = 19197
X = 1366.07727050
Y = 248.97932434
Z = 19.56693267
