Pickup = 1274
X = 1370.73815917
Y = 406.41903686
Z = 19.75781250
