Pickup = 1247
X = 2290.03442382
Y = 2430.56274414
Z = 10.82031250
