Pickup = 1212
X = 2447.16894531
Y = 2376.11523437
Z = 12.16351222
