Pickup = 19197
X = 2333.12011718
Y = 75.09802246
Z = 26.62097549
