Pickup = 1274
X = 2301.97607421
Y = -15.99060821
Z = 26.48437500
