Pickup = 1210
X = 2413.21850585
Y = 1123.87695312
Z = 10.82031250
