Pickup = 1247
X = 628.81219482
Y = -571.75927734
Z = 17.03768730
