Pickup = 1274
X = 2474.68994140
Y = 1023.56384277
Z = 10.82031250
