Pickup = 19198
X = -2154.16967773
Y = -2460.96752929
Z = 30.85156250
Interior = 10
