Pickup = 1239
X = 2387.27685546
Y = 2466.12866210
Z = 10.82031250
