Pickup = 19198
X = 1199.42797851
Y = -919.06835937
Z = 43.11508178
Interior = 10
