Pickup = 19198
X = -2336.56494140
Y = -166.89918518
Z = 35.55468750
