Pickup = 1581
X = -2026.56640625
Y = -100.66115570
Z = 35.16406250
