Pickup = 19198
X = 811.53106689
Y = -1616.23181152
Z = 13.54687500
