Pickup = 19197
X = 2104.44848632
Y = -1806.51135253
Z = 13.55468750
Interior = 5
