Pickup = 1210
X = -2169.67407226
Y = 252.03565979
Z = 35.33255004
