Pickup = 1239
X = 1397.07543945
Y = -1571.08459472
Z = 14.27027416
Interior = 3
