Pickup = 1581
X = 1519.02563476
Y = -1452.34033203
Z = 14.20312500
Interior = 3
