Pickup = 1274
X = -2051.07348632
Y = 459.60653686
Z = 35.17187500
