Pickup = 19524
X = 2232.63061523
Y = -1159.72082519
Z = 25.89062500
Interior = 15
