Pickup = 19524
X = 611.94970703
Y = -1459.18603515
Z = 14.39780044
