Pickup = 19198
X = -2358.12915039
Y = 1008.12176513
Z = 50.89843750
Interior = 10
