Pickup = 1212
X = -2764.67407226
Y = 375.74624633
Z = 6.34177780
