Pickup = 1247
X = -2650.77221679
Y = 375.99496459
Z = 6.15625000
