Pickup = 19524
X = -2424.99414062
Y = 337.37918090
Z = 37.00203704
Interior = 15
