Pickup = 19198
X = -144.05380249
Y = 1222.72399902
Z = 19.89921951
Interior = 10
