Pickup = 19524
X = -177.26568603
Y = 1111.24914550
Z = 19.74218750
