Pickup = 1274
X = -207.31584167
Y = 1119.19299316
Z = 20.42968750
