Pickup = 19198
X = 171.95632934
Y = 1175.61816406
Z = 14.76454353
