Pickup = 19198
X = -1213.43298339
Y = 1830.85559082
Z = 41.92968750
