Pickup = 1239
X = 1396.86364746
Y = -1571.67504882
Z = 14.26868820
Interior = 3
