Pickup = 1581
X = 1519.14147949
Y = -1452.83776855
Z = 14.20312500
Interior = 3
