Pickup = 1247
X = -1390.04479980
Y = 2637.27294921
Z = 55.98437500
