Pickup = 1274
X = -227.41802978
Y = 2709.84472656
Z = 62.98432922
