Pickup = 1247
X = 2287.25732421
Y = 2432.07836914
Z = 10.82031250
