Pickup = 1212
X = 2387.39843750
Y = 2465.94726562
Z = 10.82031250
