Pickup = 19197
X = 2351.68164062
Y = 2532.46069335
Z = 10.82031250
