Pickup = 1274
X = 2446.55566406
Y = 2376.19042968
Z = 12.16351222
