Pickup = 19198
X = 2392.40795898
Y = 2042.84716796
Z = 10.82031250
