Pickup = 19198
X = 2471.78857421
Y = 2034.14855957
Z = 11.06250000
