Pickup = 19198
X = 2637.37329101
Y = 1671.86328125
Z = 11.02343750
