Pickup = 19198
X = 1872.93347167
Y = 2071.59741210
Z = 11.06250000
