Pickup = 1274
X = 593.40740966
Y = -1244.81103515
Z = 18.06634712
Interior = 3
