Pickup = 1210
X = 1154.00378417
Y = -1771.37988281
Z = 16.59919357
Interior = 10
