Pickup = 19198
X = 1885.93823242
Y = 2080.07958984
Z = 11.06250000
