Pickup = 19198
X = 2103.42138671
Y = 2228.81616210
Z = 11.02343750
