Pickup = 19197
X = 2083.32543945
Y = 2223.96020507
Z = 11.02343750
