Pickup = 19198
X = 1158.49963378
Y = 2072.08227539
Z = 11.06250000
