Pickup = 1239
X = 1845.20422363
Y = 2159.03833007
Z = 10.82031250
