Pickup = 19198
X = 2366.38354492
Y = 2071.04931640
Z = 10.82031250
