Pickup = 19197
X = 2470.17675781
Y = 2126.36840820
Z = 10.82031250
