Pickup = 1210
X = 1047.89672851
Y = 1017.60107421
Z = 11.00000000
