Pickup = 1239
X = 2489.97778320
Y = 2063.07177734
Z = 10.82031250
