Pickup = 1581
X = 1947.71899414
Y = 2068.89013671
Z = 10.82031250
