Pickup = 1210
X = 1153.94958496
Y = -1770.89648437
Z = 16.59919357
Interior = 10
