Pickup = 1274
X = 594.70373535
Y = -1246.09790039
Z = 18.13702964
Interior = 3
