Pickup = 19198
X = 2397.71166992
Y = -1898.05468750
Z = 13.54687500
