Pickup = 19198
X = -2672.26977539
Y = 260.15344238
Z = 4.63281250
