Pickup = 19524
X = 1798.35668945
Y = -1578.59143066
Z = 14.08864784
