Pickup = 1277
X = -1465.63769531
Y = 2611.39868164
Z = 56.17968750
