Pickup = 19198
X = 2169.86987304
Y = 2795.63598632
Z = 10.82031250
