Pickup = 19198
X = 2838.65136718
Y = 2407.28027343
Z = 11.06895637
