Pickup = 19197
X = 2756.64672851
Y = 2477.13500976
Z = 11.06250000
