Pickup = 19197
X = 2638.24755859
Y = 1849.80407714
Z = 11.02343750
