Pickup = 1581
X = -2026.66186523
Y = -101.32065582
Z = 35.16406250
