Pickup = 19197
X = 2103.72143554
Y = -1806.41491699
Z = 13.55468750
Interior = 5
