Pickup = 19524
X = 2232.13256835
Y = -1159.89270019
Z = 25.89062500
Interior = 15
