Pickup = 1210
X = -2170.33837890
Y = 252.07031250
Z = 35.33421707
