Pickup = 1274
X = -2052.05053710
Y = 459.01693725
Z = 35.17187500
