Pickup = 19524
X = 612.67388916
Y = -1459.80480957
Z = 14.41187667
Interior = 15
