Pickup = 19197
X = 203.49711608
Y = -203.47747802
Z = 1.57812500
Interior = 5
