Pickup = 1247
X = -2650.89233398
Y = 376.04867553
Z = 6.08693027
