Velocidade = 100
PosX = -30.95698356
PosY = -209.81585693
PosZ = 0.16532409
Angulo = 82.96569824
ID = 0
