Velocidade = 90
PosX = -701.13848876
PosY = -1001.20458984
PosZ = 71.90132141
Angulo = 85.56221008
ID = 1
