Velocidade = 90
PosX = 1708.31518554
PosY = -659.94165039
PosZ = 41.61640930
Angulo = 357.08187866
ID = 10
