Velocidade = 90
PosX = 1001.37084960
PosY = 1813.06750488
PosZ = 9.32031250
Angulo = 359.73165893
ID = 100
