Velocidade = 90
PosX = 1015.14526367
PosY = 1186.76794433
PosZ = 9.32031250
Angulo = 270.36395263
ID = 101
