Velocidade = 90
PosX = 1573.29711914
PosY = 1013.26080322
PosZ = 9.31250762
Angulo = 181.76115417
ID = 102
