Velocidade = 90
PosX = 1947.34533691
PosY = 1267.58361816
PosZ = 9.32031250
Angulo = 270.60723876
ID = 103
