Velocidade = 90
PosX = 2367.48413085
PosY = 1367.45373535
PosZ = 9.32031250
Angulo = 271.14035034
ID = 104
