Velocidade = 80
PosX = 2563.63745117
PosY = 1318.96862792
PosZ = 9.32031250
Angulo = 176.91255187
ID = 105
