Velocidade = 90
PosX = 2421.50878906
PosY = 1295.59753417
PosZ = 9.32031250
Angulo = 180.81661987
ID = 106
