Velocidade = 90
PosX = -2678.78833007
PosY = -412.08163452
PosZ = 30.13890838
Angulo = 154.41860961
ID = 107
