Velocidade = 90
PosX = 1661.71215820
PosY = -1992.18920898
PosZ = 22.28915023
Angulo = 174.01806640
ID = 11
