Velocidade = 90
PosX = 398.40692138
PosY = -1352.23889160
PosZ = 13.34651374
Angulo = 301.93139648
ID = 12
