Velocidade = 90
PosX = 1125.27819824
PosY = -950.41339111
PosZ = 41.11492156
Angulo = 272.97946166
ID = 13
