Velocidade = 100
PosX = 2211.25512695
PosY = -1566.39611816
PosZ = 0.84952354
Angulo = 64.99318695
ID = 14
