Velocidade = 90
PosX = 1304.89648437
PosY = -1591.97570800
PosZ = 12.50849342
Angulo = 180.78460693
ID = 15
