Velocidade = 90
PosX = 1350.23669433
PosY = -1262.64843750
PosZ = 13.42187500
Angulo = 2.76279187
ID = 16
