Velocidade = 90
PosX = 1188.70141601
PosY = -1144.98339843
PosZ = 22.21725463
Angulo = 90.74206542
ID = 17
