Velocidade = 90
PosX = 965.04199218
PosY = -1324.19921875
PosZ = 11.86068916
Angulo = 269.73486328
ID = 18
