Velocidade = 90
PosX = 1130.32458496
PosY = -1400.48156738
PosZ = 11.94667720
Angulo = 94.79223632
ID = 19
