Velocidade = 90
PosX = -140.15850830
PosY = -1302.75915527
PosZ = 1.54135084
Angulo = 169.54908752
ID = 2
