Velocidade = 90
PosX = 678.50146484
PosY = -1400.39282226
PosZ = 11.89882850
Angulo = 90.23505401
ID = 20
