Velocidade = 90
PosX = 632.32128906
PosY = -1526.97509765
PosZ = 13.49003887
Angulo = 179.43975830
ID = 21
