Velocidade = 90
PosX = -227.53349304
PosY = -1647.86730957
PosZ = 1.13241219
Angulo = 125.27478790
ID = 22
