Velocidade = 100
PosX = -368.47909545
PosY = -2044.04760742
PosZ = 27.03217697
Angulo = 7.47377967
ID = 23
