Velocidade = 100
PosX = -327.78848266
PosY = -2038.54162597
PosZ = 25.24035644
Angulo = 11.91728687
ID = 24
