Velocidade = 100
PosX = -141.08953857
PosY = -1460.10205078
PosZ = 11.30468750
Angulo = 313.51953125
ID = 25
