Velocidade = 100
PosX = -132.27416992
PosY = -1467.94982910
PosZ = 11.30468750
Angulo = 315.08630371
ID = 26
