Velocidade = 100
PosX = -23.89482879
PosY = -2699.56445312
PosZ = 40.85305786
Angulo = 171.16455078
ID = 27
