Velocidade = 100
PosX = 1.40431261
PosY = -2702.89257812
PosZ = 39.25138092
Angulo = 357.36456298
ID = 28
