Velocidade = 100
PosX = -670.29205322
PosY = -2791.02319335
PosZ = 49.62473678
Angulo = 272.53811645
ID = 29
