Velocidade = 90
PosX = 345.40808105
PosY = -1708.19006347
PosZ = 5.31380033
Angulo = 264.07873535
ID = 3
