Velocidade = 100
PosX = -2476.43457031
PosY = -2362.66088867
PosZ = 28.23760223
Angulo = 13.80603313
ID = 30
