Velocidade = 100
PosX = -2492.05200195
PosY = -2365.33276367
PosZ = 28.45644378
Angulo = 193.58268737
ID = 31
