Velocidade = 100
PosX = -2930.09545898
PosY = -1307.69177246
PosZ = 10.05051612
Angulo = 351.50961303
ID = 32
