Velocidade = 100
PosX = -2790.57250976
PosY = -483.03030395
PosZ = 5.68750000
Angulo = 324.50958251
ID = 33
