Velocidade = 100
PosX = -2123.31298828
PosY = -342.73028564
PosZ = 34.41833114
Angulo = 88.70500183
ID = 34
