Velocidade = 100
PosX = -1793.27087402
PosY = -235.82734680
PosZ = 16.87500000
Angulo = 1.54459011
ID = 35
