Velocidade = 100
PosX = -1551.22888183
PosY = 632.32879638
PosZ = 5.68750000
Angulo = 2.71404194
ID = 36
