Velocidade = 100
PosX = -1724.21044921
PosY = 1337.26184082
PosZ = 5.53906250
Angulo = 45.30583190
ID = 37
