Velocidade = 100
PosX = -1738.01721191
PosY = 1322.43420410
PosZ = 5.53906250
Angulo = 45.80916213
ID = 38
