Velocidade = 100
PosX = -2789.39526367
PosY = 1288.56054687
PosZ = 4.43840074
Angulo = 279.26025390
ID = 39
