Velocidade = 90
PosX = 1055.13793945
PosY = -1950.14111328
PosZ = 11.64648056
Angulo = 176.87893676
ID = 4
