Velocidade = 100
PosX = -2858.81762695
PosY = 466.65634155
PosZ = 2.90119075
Angulo = 176.65530395
ID = 40
