Velocidade = 100
PosX = -2815.39038085
PosY = -210.37536621
PosZ = 5.68750000
Angulo = 177.37570190
ID = 41
