Velocidade = 100
PosX = -2251.80444335
PosY = 129.29766845
PosZ = 33.67187500
Angulo = 358.55694580
ID = 42
