Velocidade = 90
PosX = -2003.69799804
PosY = 410.68988037
PosZ = 33.51562500
Angulo = 1.33398187
ID = 43
