Velocidade = 100
PosX = -2066.86718750
PosY = 1085.35119628
PosZ = 54.21875000
Angulo = 90.24256896
ID = 44
