Velocidade = 100
PosX = -2066.70239257
PosY = 1045.16784667
PosZ = 54.21875000
Angulo = 90.65915679
ID = 45
