Velocidade = 80
PosX = -2670.92724609
PosY = 1208.46533203
PosZ = 54.19036102
Angulo = 16.45515823
ID = 46
