Velocidade = 90
PosX = -1765.93933105
PosY = 858.38757324
PosZ = 23.38281250
Angulo = 270.36837768
ID = 47
