Velocidade = 90
PosX = -1765.83166503
PosY = 832.03186035
PosZ = 23.38281250
Angulo = 271.42581176
ID = 48
