Velocidade = 90
PosX = -2004.21496582
PosY = 772.20843505
PosZ = 43.79687500
Angulo = 0.24469418
ID = 49
