Velocidade = 90
PosX = 1342.85876464
PosY = -2457.23779296
PosZ = 5.32812500
Angulo = 89.55240631
ID = 5
