Velocidade = 110
PosX = -1904.03527832
PosY = -1041.96704101
PosZ = 37.93716812
Angulo = 0.46938917
ID = 50
