Velocidade = 110
PosX = -1897.15161132
PosY = -1.15586400
PosZ = 37.88479232
Angulo = 357.66409301
ID = 51
