Velocidade = 100
PosX = -2666.45312500
PosY = 2179.53759765
PosZ = 54.30714797
Angulo = 2.41605544
ID = 52
