Velocidade = 100
PosX = -2697.26123046
PosY = 2176.12890625
PosZ = 54.30809020
Angulo = 180.15577697
ID = 53
