Velocidade = 100
PosX = -2640.48193359
PosY = 2492.40112304
PosZ = 28.60524749
Angulo = 113.02173614
ID = 54
