Velocidade = 100
PosX = -1990.69653320
PosY = 2569.38623046
PosZ = 54.02890777
Angulo = 220.82557678
ID = 55
