Velocidade = 100
PosX = -2001.69653320
PosY = 2614.38623046
PosZ = 49.02890777
Angulo = 220.82557678
ID = 56
