Velocidade = 90
PosX = -1375.56713867
PosY = 2590.53906250
PosZ = 54.63205718
Angulo = 151.03045654
ID = 57
