Velocidade = 100
PosX = -1830.42761230
PosY = 2131.93725585
PosZ = 6.61977672
Angulo = 205.17109680
ID = 58
