Velocidade = 100
PosX = -1349.62890625
PosY = 2126.28637695
PosZ = 47.71269989
Angulo = 189.84526062
ID = 59
