Velocidade = 100
PosX = 1339.36633300
PosY = -2456.99731445
PosZ = 12.05406951
Angulo = 0.75536972
ID = 6
