Velocidade = 100
PosX = -1534.94079589
PosY = 1834.76550292
PosZ = 27.54231643
Angulo = 266.01571655
ID = 60
