Velocidade = 100
PosX = -1429.62951660
PosY = 1717.47045898
PosZ = 1.53897047
Angulo = 269.36135864
ID = 61
