Velocidade = 90
PosX = -659.05413818
PosY = 2058.75122070
PosZ = 58.88281250
Angulo = 259.23858642
ID = 62
