Velocidade = 110
PosX = -745.27502441
PosY = 702.85211181
PosZ = 16.77190017
Angulo = 244.59869384
ID = 63
