Velocidade = 110
PosX = 460.83920288
PosY = 729.18994140
PosZ = 4.00804328
Angulo = 237.47785949
ID = 64
