Velocidade = 110
PosX = 465.48880004
PosY = 736.20526123
PosZ = 3.56000947
Angulo = 237.15870666
ID = 65
