Velocidade = 110
PosX = 1503.68078613
PosY = 842.85876464
PosZ = 6.19448375
Angulo = 88.83976745
ID = 66
