Velocidade = 110
PosX = 1504.80163574
PosY = 860.03717041
PosZ = 5.37269401
Angulo = 87.39637756
ID = 67
