Velocidade = 110
PosX = 1502.94165039
PosY = 823.64233398
PosZ = 5.43614625
Angulo = 87.77645111
ID = 68
