Velocidade = 110
PosX = 2717.51245117
PosY = 1180.09521484
PosZ = 6.17972755
Angulo = 0.88071167
ID = 69
