Velocidade = 90
PosX = 2069.93457031
PosY = -2676.77368164
PosZ = 12.04687500
Angulo = 92.15930938
ID = 7
