Velocidade = 110
PosX = 2734.20092773
PosY = 1179.33251953
PosZ = 5.29217386
Angulo = 357.71441650
ID = 70
