Velocidade = 110
PosX = 2701.37353515
PosY = 1180.60644531
PosZ = 5.28282070
Angulo = 187.66874694
ID = 71
