Velocidade = 110
PosX = 2717.44335937
PosY = 2195.02783203
PosZ = 6.19531250
Angulo = 0.05595291
ID = 72
