Velocidade = 110
PosX = 2733.42456054
PosY = 2194.50805664
PosZ = 5.27829122
Angulo = 0.00000000
ID = 73
