Velocidade = 110
PosX = 2701.67187500
PosY = 2195.56152343
PosZ = 5.28043317
Angulo = 356.87762451
ID = 74
