Velocidade = 110
PosX = 1876.59082031
PosY = 2513.55444335
PosZ = 6.25781250
Angulo = 105.44733428
ID = 75
