Velocidade = 110
PosX = 1872.76171875
PosY = 2529.09838867
PosZ = 5.35475635
Angulo = 104.54071807
ID = 76
