Velocidade = 110
PosX = 1880.94433593
PosY = 2497.57739257
PosZ = 5.35413074
Angulo = 104.12150573
ID = 77
