Velocidade = 110
PosX = 1217.38598632
PosY = 1953.31347656
PosZ = 6.17834663
Angulo = 359.67916870
ID = 78
