Velocidade = 110
PosX = 1195.20190429
PosY = 1952.38098144
PosZ = 5.33592033
Angulo = 184.41224670
ID = 79
