Velocidade = 90
PosX = 2665.35327148
PosY = -2163.48168945
PosZ = 9.60156250
Angulo = 270.04501342
ID = 8
