Velocidade = 110
PosX = 1240.03588867
PosY = 1953.19091796
PosZ = 5.35576915
Angulo = 178.43138122
ID = 80
