Velocidade = 110
PosX = 1217.23376464
PosY = 1094.75134277
PosZ = 6.25781250
Angulo = 178.12059020
ID = 81
