Velocidade = 110
PosX = 1199.53076171
PosY = 1095.57177734
PosZ = 5.40022420
Angulo = 179.40718078
ID = 82
