Velocidade = 110
PosX = 1237.06054687
PosY = 1094.65185546
PosZ = 5.45239925
Angulo = 177.22546386
ID = 83
