Velocidade = 110
PosX = 1797.39196777
PosY = 1200.72949218
PosZ = 6.18418645
Angulo = 0.03426401
ID = 84
