Velocidade = 110
PosX = 1814.00756835
PosY = 1200.41308593
PosZ = 5.29551076
Angulo = 358.27865600
ID = 85
