Velocidade = 110
PosX = 1780.34948730
PosY = 1201.29174804
PosZ = 5.30460166
Angulo = 180.51091003
ID = 86
