Velocidade = 110
PosX = 1797.56079101
PosY = 1989.87548828
PosZ = 4.18674850
Angulo = 358.76107788
ID = 87
