Velocidade = 110
PosX = 1813.84326171
PosY = 1988.44079589
PosZ = 3.32905435
Angulo = 355.68847656
ID = 88
