Velocidade = 110
PosX = 1780.43371582
PosY = 1990.74682617
PosZ = 3.29143095
Angulo = 357.00866699
ID = 89
