Velocidade = 100
PosX = 2878.62866210
PosY = -1103.09448242
PosZ = 9.38276290
Angulo = 0.81637305
ID = 9
