Velocidade = 110
PosX = 1015.04541015
PosY = 2543.93408203
PosZ = 9.25111293
Angulo = 56.79090881
ID = 90
