Velocidade = 110
PosX = 661.95678710
PosY = 2018.68261718
PosZ = 7.74698448
Angulo = 181.45697021
ID = 91
