Velocidade = 100
PosX = 253.55029296
PosY = 926.22882080
PosZ = 24.01059341
Angulo = 202.86352539
ID = 92
