Velocidade = 100
PosX = 2077.94750976
PosY = 1237.66845703
PosZ = 9.32031250
Angulo = 0.31341159
ID = 93
