Velocidade = 100
PosX = 2036.61254882
PosY = 1236.71435546
PosZ = 9.32031250
Angulo = 1.79678475
ID = 94
