Velocidade = 90
PosX = 2137.54516601
PosY = 2234.94165039
PosZ = 9.35767936
Angulo = 176.51843261
ID = 95
