Velocidade = 80
PosX = 2021.16296386
PosY = 2453.51562500
PosZ = 9.32031250
Angulo = 180.62745666
ID = 96
