Velocidade = 90
PosX = 1921.87304687
PosY = 2249.01684570
PosZ = 9.32031250
Angulo = 179.00987243
ID = 97
