Velocidade = 90
PosX = 1701.45458984
PosY = 2053.17602539
PosZ = 9.32031250
Angulo = 180.25488281
ID = 98
