Velocidade = 90
PosX = 1387.37280273
PosY = 1867.22607421
PosZ = 9.32031250
Angulo = 89.23571777
ID = 99
