Tipo = 1
X = 389.42059326
Y = 173.80201721
Z = 1008.38281250
Interior = 0
