Tipo = 1
X = 387.10485839
Y = 173.75874328
Z = 1008.38281250
Interior = 0
