Tipo = 0
X = 246.83529663
Y = 63.39139556
Z = 1003.64062500
