Tipo = 0
X = 246.75588989
Y = 64.26996612
Z = 1003.64062500
Interior = 0
