Tipo = 9
X = 244.09419250
Y = 304.89743041
Z = 999.14843750
Interior = 0
