Tipo = 9
X = 2496.05004882
Y = -1692.53479003
Z = 1014.74218750
Interior = 0
