Tipo = 9
X = 1261.92175292
Y = -785.37927246
Z = 1091.90625000
