Tipo = 9
X = 1298.76245117
Y = -795.90728759
Z = 1084.00781250
Interior = 0
