Tipo = 3
X = 833.93420410
Y = 7.48657178
Z = 1004.17968750
Interior = 0
