Tipo = 4
X = 1494.32519531
Y = 1304.94287109
Z = 1093.28906250
Interior = 0
