Tipo = 4
X = 1494.46057128
Y = 1304.45849609
Z = 1093.28906250
Interior = 0
