Tipo = 3
X = 833.81665039
Y = 7.51478528
Z = 1004.17968750
Interior = 0
