Tipo = 2
X = 246.36026000
Y = 108.02813720
Z = 1003.21875000
Interior = 0
