Tipo = 5
X = 288.73019409
Y = 168.99998474
Z = 1007.17187500
Interior = 0
