Tipo = 8
X = 363.36456298
Y = -74.61602020
Z = 1001.50781250
Interior = 0
