Tipo = 2
X = 246.37599182
Y = 109.24599456
Z = 1003.21875000
Interior = 0
