Tipo = 8
X = 372.39935302
Y = -132.87069702
Z = 1001.49218750
Interior = 0
