Tipo = 7
X = 372.24935913
Y = -132.43490600
Z = 1001.49218750
Interior = 0
