Tipo = 6
X = 2215.75781250
Y = -1150.55310058
Z = 1025.79687500
Interior = 0
