Tipo = 6
X = 2215.06420898
Y = -1150.52233886
Z = 1025.79687500
Interior = 0
