Tipo = 7
X = 363.73171997
Y = -74.23852539
Z = 1001.50781250
Interior = 0
