Tipo = 5
X = 288.87091064
Y = 167.92475891
Z = 1007.17187500
Interior = 0
