Tipo = 9
X = 266.88623046
Y = 305.01721191
Z = 999.14843750
Interior = 0
