Proprietario = Ninguem
Upgrade = 0
Senha = (null)
Trancada = 0
Lixos = 0
X = -910.88403320
Y = 2685.99389648
Z = 42.37026214
Preco = 95000
