Proprietario = Ninguem
Upgrade = 0
Senha = (null)
Trancada = 0
Lixos = 0
X = 2802.41088867
Y = -1962.91589355
Z = 13.54687500
Preco = 100000
