Proprietario = Ninguem
Upgrade = 0
Senha = (null)
Trancada = 0
Lixos = 0
X = 2802.19067382
Y = -1936.37731933
Z = 13.54687500
Preco = 100000
