Proprietario = Ninguem
Upgrade = 0
Senha = (null)
Trancada = 0
Lixos = 0
X = -2479.05297851
Y = 2488.88916015
Z = 18.22998619
Preco = 65000
