Proprietario = Ninguem
Upgrade = 0
Senha = (null)
Trancada = 0
Lixos = 0
X = -2424.76733398
Y = 2448.40625000
Z = 13.16193962
Preco = 125000
