Proprietario = Ninguem
Upgrade = 0
Senha = (null)
Trancada = 0
Lixos = 0
X = 2652.73681640
Y = -1991.34008789
Z = 13.55431365
Preco = 85000
