Proprietario = Ninguem
Upgrade = 0
Senha = (null)
Trancada = 0
Lixos = 0
X = 1570.24536132
Y = 2712.69848632
Z = 10.82031250
Preco = 150000
