Proprietario = Ninguem
Upgrade = 0
Senha = (null)
Trancada = 0
Lixos = 0
X = 1580.08276367
Y = 2711.20019531
Z = 10.82031250
Preco = 150000
