Proprietario = Ninguem
Upgrade = 0
Senha = (null)
Trancada = 0
Lixos = 0
X = 1601.13781738
Y = 2710.23193359
Z = 10.82031250
Preco = 150000
