Proprietario = Ninguem
Upgrade = 0
Senha = (null)
Trancada = 0
Lixos = 0
X = 1627.16528320
Y = 2712.17626953
Z = 10.82031250
Preco = 175000
