Proprietario = Ninguem
Upgrade = 0
Senha = (null)
Trancada = 0
Lixos = 0
X = 1652.32031250
Y = 2710.76733398
Z = 10.82031250
Preco = 150000
