Proprietario = Ninguem
Upgrade = 0
Senha = (null)
Trancada = 0
Lixos = 0
X = 1663.14331054
Y = 2751.30761718
Z = 10.82031250
Preco = 150000
