Proprietario = Ninguem
Upgrade = 0
Senha = (null)
Trancada = 0
Lixos = 0
X = 1643.81823730
Y = 2752.02587890
Z = 10.82031250
Preco = 150000
