Proprietario = Ninguem
Upgrade = 0
Senha = (null)
Trancada = 0
Lixos = 0
X = 1626.79199218
Y = 2753.11206054
Z = 10.82031250
Preco = 150000
