Proprietario = Ninguem
Upgrade = 0
Senha = (null)
Trancada = 0
Lixos = 0
X = 1608.47888183
Y = 2751.59521484
Z = 10.82031250
Preco = 150000
