Proprietario = Ninguem
Upgrade = 0
Senha = (null)
Trancada = 0
Lixos = 0
X = 1599.65283203
Y = 2755.64965820
Z = 10.82031250
Preco = 150000
