Proprietario = Ninguem
Upgrade = 0
Senha = (null)
Trancada = 0
Lixos = 0
X = -2421.25415039
Y = 2406.60693359
Z = 13.02627658
Preco = 125000
