Proprietario = Ninguem
Upgrade = 0
Senha = (null)
Trancada = 0
Lixos = 0
X = 2638.27343750
Y = -1993.04394531
Z = 13.99354743
Preco = 95000
