Proprietario = Ninguem
Upgrade = 0
Senha = (null)
Trancada = 0
Lixos = 0
X = 1563.05737304
Y = 2776.52026367
Z = 10.82031250
Preco = 150000
