Proprietario = Ninguem
Upgrade = 0
Senha = (null)
Trancada = 0
Lixos = 0
X = 1563.62585449
Y = 2793.56591796
Z = 10.82031250
Preco = 150000
