Proprietario = Ninguem
Upgrade = 0
Senha = (null)
Trancada = 0
Lixos = 0
X = 1575.96789550
Y = 2841.86425781
Z = 10.82031250
Preco = 175000
