Proprietario = Ninguem
Upgrade = 0
Senha = (null)
Trancada = 0
Lixos = 0
X = 1588.53503417
Y = 2799.32324218
Z = 10.82031250
Preco = 150000
