Proprietario = Ninguem
Upgrade = 0
Senha = (null)
Trancada = 0
Lixos = 0
X = 1602.01379394
Y = 2845.03466796
Z = 10.82031250
Preco = 150000
