Proprietario = Ninguem
Upgrade = 0
Senha = (null)
Trancada = 0
Lixos = 0
X = 1623.05615234
Y = 2845.88989257
Z = 10.82654380
Preco = 150000
