Proprietario = Ninguem
Upgrade = 0
Senha = (null)
Trancada = 0
Lixos = 0
X = 1618.29858398
Y = 2803.20361328
Z = 10.82031250
Preco = 150000
