Proprietario = Ninguem
Upgrade = 0
Senha = (null)
Trancada = 0
Lixos = 0
X = 1637.81225585
Y = 2803.47290039
Z = 10.82031250
Preco = 150000
