Proprietario = Ninguem
Upgrade = 0
Senha = (null)
Trancada = 0
Lixos = 0
X = 2636.75268554
Y = -2012.24401855
Z = 13.81386089
Preco = 95000
