Proprietario = Ninguem
Upgrade = 0
Senha = (null)
Trancada = 0
Lixos = 0
X = -2472.30566406
Y = 2450.96850585
Z = 17.32302284
Preco = 150000
