Proprietario = Ninguem
Upgrade = 0
Senha = (null)
Trancada = 0
Lixos = 0
X = 1632.77453613
Y = 2842.06567382
Z = 10.82031250
Preco = 150000
