Proprietario = Ninguem
Upgrade = 0
Senha = (null)
Trancada = 0
Lixos = 0
X = 1654.81591796
Y = 2802.36474609
Z = 10.82031250
Preco = 150000
