Proprietario = Ninguem
Upgrade = 0
Senha = (null)
Trancada = 0
Lixos = 0
X = 1664.91186523
Y = 2843.46215820
Z = 10.82031250
Preco = 150000
