Proprietario = Ninguem
Upgrade = 0
Senha = (null)
Trancada = 0
Lixos = 0
X = 1672.96228027
Y = 2803.65063476
Z = 10.82031250
Preco = 150000
