Proprietario = Ninguem
Upgrade = 0
Senha = (null)
Trancada = 0
Lixos = 0
X = 1678.35839843
Y = 2691.88281250
Z = 10.82031250
Preco = 175000
