Proprietario = Ninguem
Upgrade = 0
Senha = (null)
Trancada = 0
Lixos = 0
X = 1703.48291015
Y = 2690.81103515
Z = 10.82031250
Preco = 150000
