Proprietario = Ninguem
Upgrade = 0
Senha = (null)
Trancada = 0
Lixos = 0
X = 1735.66638183
Y = 2692.89965820
Z = 10.82031250
Preco = 150000
