Proprietario = Ninguem
Upgrade = 0
Senha = (null)
Trancada = 0
Lixos = 0
X = 1927.64721679
Y = 2774.25756835
Z = 10.82031250
Preco = 175000
