Proprietario = Ninguem
Upgrade = 0
Senha = (null)
Trancada = 0
Lixos = 0
X = 1931.30712890
Y = 2723.50000000
Z = 10.82031250
Preco = 150000
