Proprietario = Ninguem
Upgrade = 0
Senha = (null)
Trancada = 0
Lixos = 0
X = 1950.65466308
Y = 2723.23046875
Z = 10.82031250
Preco = 150000
