Proprietario = Ninguem
Upgrade = 0
Senha = (null)
Trancada = 0
Lixos = 0
X = 1969.85034179
Y = 2722.11376953
Z = 11.29893302
Preco = 150000
