Proprietario = Ninguem
Upgrade = 0
Senha = (null)
Trancada = 0
Lixos = 0
X = 2673.31591796
Y = -2019.36645507
Z = 13.90629482
Preco = 95000
