Proprietario = Ninguem
Upgrade = 0
Senha = (null)
Trancada = 0
Lixos = 0
X = -2479.87573242
Y = 2449.69458007
Z = 17.32302284
Preco = 150000
