Proprietario = Ninguem
Upgrade = 0
Senha = (null)
Trancada = 0
Lixos = 0
X = 1967.41516113
Y = 2764.03735351
Z = 10.82031250
Preco = 150000
