Proprietario = Ninguem
Upgrade = 0
Senha = (null)
Trancada = 0
Lixos = 0
X = 1998.60388183
Y = 2723.81909179
Z = 10.82031250
Preco = 150000
