Proprietario = Ninguem
Upgrade = 0
Senha = (null)
Trancada = 0
Lixos = 0
X = 1992.64575195
Y = 2762.84790039
Z = 10.82031250
Preco = 175000
