Proprietario = Ninguem
Upgrade = 0
Senha = (null)
Trancada = 0
Lixos = 0
X = 2018.11437988
Y = 2723.37377929
Z = 10.82031250
Preco = 150000
