Proprietario = Ninguem
Upgrade = 0
Senha = (null)
Trancada = 0
Lixos = 0
X = 2018.82885742
Y = 2765.39453125
Z = 10.82031250
Preco = 150000
