Proprietario = Ninguem
Upgrade = 0
Senha = (null)
Trancada = 0
Lixos = 0
X = 2037.15991210
Y = 2722.41137695
Z = 11.05491828
Preco = 150000
