Proprietario = Ninguem
Upgrade = 0
Senha = (null)
Trancada = 0
Lixos = 0
X = 2039.58557128
Y = 2764.38696289
Z = 10.82031250
Preco = 150000
