Proprietario = Ninguem
Upgrade = 0
Senha = (null)
Trancada = 0
Lixos = 0
X = 2049.78247070
Y = 2762.23876953
Z = 10.82031250
Preco = 150000
