Proprietario = Ninguem
Upgrade = 0
Senha = (null)
Trancada = 0
Lixos = 0
X = 2066.03491210
Y = 2723.41406250
Z = 10.82031250
Preco = 150000
