Proprietario = Ninguem
Upgrade = 0
Senha = (null)
Trancada = 0
Lixos = 0
X = 2144.84204101
Y = 2834.36132812
Z = 10.82031250
Preco = 95000
