Proprietario = Ninguem
Upgrade = 0
Senha = (null)
Trancada = 0
Lixos = 0
X = -2634.99267578
Y = 2401.89843750
Z = 11.23683071
Preco = 125000
