Proprietario = Ninguem
Upgrade = 0
Senha = (null)
Trancada = 0
Lixos = 0
X = 2695.46411132
Y = -2019.86474609
Z = 13.76041316
Preco = 95000
