Proprietario = Ninguem
Upgrade = 0
Senha = (null)
Trancada = 0
Lixos = 0
X = 2056.59204101
Y = 2664.05737304
Z = 10.82031250
Preco = 150000
