Proprietario = Ninguem
Upgrade = 0
Senha = (null)
Trancada = 0
Lixos = 0
X = 2037.15490722
Y = 2662.81250000
Z = 10.82031250
Preco = 150000
