Proprietario = Ninguem
Upgrade = 0
Senha = (null)
Trancada = 0
Lixos = 0
X = 2017.87561035
Y = 2664.25512695
Z = 11.29893302
Preco = 150000
