Proprietario = Ninguem
Upgrade = 0
Senha = (null)
Trancada = 0
Lixos = 0
X = 1989.19787597
Y = 2663.94042968
Z = 10.82031250
Preco = 150000
