Proprietario = Ninguem
Upgrade = 0
Senha = (null)
Trancada = 0
Lixos = 0
X = 1969.77783203
Y = 2663.06909179
Z = 10.82031250
Preco = 150000
