Proprietario = Ninguem
Upgrade = 0
Senha = (null)
Trancada = 0
Lixos = 0
X = 1950.41699218
Y = 2663.93750000
Z = 11.05491828
Preco = 150000
