Proprietario = Ninguem
Upgrade = 0
Senha = (null)
Trancada = 0
Lixos = 0
X = 2823.32299804
Y = 2268.58300781
Z = 10.82031250
Preco = 95000
