Proprietario = Ninguem
Upgrade = 0
Senha = (null)
Trancada = 0
Lixos = 0
X = 2824.04199218
Y = 2274.92456054
Z = 10.82031250
Preco = 95000
