Proprietario = Ninguem
Upgrade = 0
Senha = (null)
Trancada = 0
Lixos = 0
X = 2817.02294921
Y = 2275.00903320
Z = 10.82031250
Preco = 95000
