Proprietario = Ninguem
Upgrade = 0
Senha = (null)
Trancada = 0
Lixos = 0
X = 2816.49096679
Y = 2268.69995117
Z = 10.82031250
Preco = 95000
