Proprietario = Ninguem
Upgrade = 0
Senha = (null)
Trancada = 0
Lixos = 0
X = 2438.03588867
Y = -2019.62780761
Z = 13.54687500
Preco = 95000
