Proprietario = Ninguem
Upgrade = 0
Senha = (null)
Trancada = 0
Lixos = 0
X = -2632.41015625
Y = 2374.91503906
Z = 9.04660797
Preco = 125000
