Proprietario = Ninguem
Upgrade = 0
Senha = (null)
Trancada = 0
Lixos = 0
X = 2823.82543945
Y = 2268.64379882
Z = 14.66146373
Preco = 95000
