Proprietario = Ninguem
Upgrade = 0
Senha = (null)
Trancada = 0
Lixos = 0
X = 2823.49609375
Y = 2274.90576171
Z = 14.66146373
Preco = 95000
