Proprietario = Ninguem
Upgrade = 0
Senha = (null)
Trancada = 0
Lixos = 0
X = 2817.52636718
Y = 2275.05200195
Z = 14.66146373
Preco = 95000
