Proprietario = Ninguem
Upgrade = 0
Senha = (null)
Trancada = 0
Lixos = 0
X = 2816.85693359
Y = 2268.73022460
Z = 14.66146373
Preco = 95000
