Proprietario = Ninguem
Upgrade = 0
Senha = (null)
Trancada = 0
Lixos = 0
X = 2794.18164062
Y = 2268.48803710
Z = 10.82031250
Preco = 95000
