Proprietario = Ninguem
Upgrade = 0
Senha = (null)
Trancada = 0
Lixos = 0
X = 2788.06811523
Y = 2268.49487304
Z = 10.82031250
Preco = 95000
