Proprietario = Ninguem
Upgrade = 0
Senha = (null)
Trancada = 0
Lixos = 0
X = 2787.93481445
Y = 2260.93994140
Z = 10.82031250
Preco = 95000
