Proprietario = Ninguem
Upgrade = 0
Senha = (null)
Trancada = 0
Lixos = 0
X = 2794.20385742
Y = 2261.43212890
Z = 10.82031250
Preco = 95000
