Proprietario = Ninguem
Upgrade = 0
Senha = (null)
Trancada = 0
Lixos = 0
X = 2794.05029296
Y = 2268.49462890
Z = 14.66146373
Preco = 95000
