Proprietario = Ninguem
Upgrade = 0
Senha = (null)
Trancada = 0
Lixos = 0
X = 2787.96655273
Y = 2268.48974609
Z = 14.66146373
Preco = 95000
