Proprietario = Ninguem
Upgrade = 0
Senha = (null)
Trancada = 0
Lixos = 0
X = 2465.31640625
Y = -2020.17968750
Z = 14.12416362
Preco = 95000
