Proprietario = Ninguem
Upgrade = 0
Senha = (null)
Trancada = 0
Lixos = 0
X = -2597.47070312
Y = 2364.67626953
Z = 9.88299560
Preco = 150000
