Proprietario = Ninguem
Upgrade = 0
Senha = (null)
Trancada = 0
Lixos = 0
X = 2788.02661132
Y = 2261.23022460
Z = 14.66146373
Preco = 95000
