Proprietario = Ninguem
Upgrade = 0
Senha = (null)
Trancada = 0
Lixos = 0
X = 2794.16357421
Y = 2260.94091796
Z = 14.66146373
Preco = 95000
