Proprietario = Ninguem
Upgrade = 0
Senha = (null)
Trancada = 0
Lixos = 0
X = 2788.11572265
Y = 2229.47924804
Z = 10.82031250
Preco = 95000
