Proprietario = Ninguem
Upgrade = 0
Senha = (null)
Trancada = 0
Lixos = 0
X = 2794.32934570
Y = 2229.47583007
Z = 10.82031250
Preco = 95000
