Proprietario = Ninguem
Upgrade = 0
Senha = (null)
Trancada = 0
Lixos = 0
X = 2794.27221679
Y = 2221.92504882
Z = 10.82031250
Preco = 95000
