Proprietario = Ninguem
Upgrade = 0
Senha = (null)
Trancada = 0
Lixos = 0
X = 2788.08398437
Y = 2221.92456054
Z = 10.82031250
Preco = 95000
