Proprietario = Ninguem
Upgrade = 0
Senha = (null)
Trancada = 0
Lixos = 0
X = 2788.27490234
Y = 2222.17944335
Z = 14.66146373
Preco = 95000
