Proprietario = Ninguem
Upgrade = 0
Senha = (null)
Trancada = 0
Lixos = 0
X = 2787.99951171
Y = 2229.47949218
Z = 14.66146373
Preco = 95000
