Proprietario = Ninguem
Upgrade = 0
Senha = (null)
Trancada = 0
Lixos = 0
X = 2794.23461914
Y = 2229.47729492
Z = 14.66146373
Preco = 95000
