Proprietario = Ninguem
Upgrade = 0
Senha = (null)
Trancada = 0
Lixos = 0
X = 2794.29541015
Y = 2221.92480468
Z = 14.66146373
Preco = 95000
