Proprietario = Ninguem
Upgrade = 0
Senha = (null)
Trancada = 0
Lixos = 0
X = 2486.44799804
Y = -2021.07885742
Z = 13.99884700
Preco = 95000
