Proprietario = Ninguem
Upgrade = 0
Senha = (null)
Trancada = 0
Lixos = 0
X = -2597.30957031
Y = 2356.95410156
Z = 9.88299560
Preco = 150000
