Proprietario = Ninguem
Upgrade = 0
Senha = (null)
Trancada = 0
Lixos = 0
X = 2826.07812500
Y = 2140.73779296
Z = 10.82031250
Preco = 95000
