Proprietario = Ninguem
Upgrade = 0
Senha = (null)
Trancada = 0
Lixos = 0
X = 2818.54101562
Y = 2140.79882812
Z = 10.82031250
Preco = 95000
