Proprietario = Ninguem
Upgrade = 0
Senha = (null)
Trancada = 0
Lixos = 0
X = 2818.52978515
Y = 2134.50708007
Z = 10.82031250
Preco = 95000
