Proprietario = Ninguem
Upgrade = 0
Senha = (null)
Trancada = 0
Lixos = 0
X = 2826.07983398
Y = 2134.37719726
Z = 10.82031250
Preco = 95000
