Proprietario = Ninguem
Upgrade = 0
Senha = (null)
Trancada = 0
Lixos = 0
X = 2826.08129882
Y = 2134.52392578
Z = 14.66146469
Preco = 95000
