Proprietario = Ninguem
Upgrade = 0
Senha = (null)
Trancada = 0
Lixos = 0
X = 2818.52709960
Y = 2134.51831054
Z = 14.66146469
Preco = 95000
