Proprietario = Ninguem
Upgrade = 0
Senha = (null)
Trancada = 0
Lixos = 0
X = 2818.53198242
Y = 2140.88037109
Z = 14.66146469
Preco = 95000
