Proprietario = Ninguem
Upgrade = 0
Senha = (null)
Trancada = 0
Lixos = 0
X = 2826.08105468
Y = 2140.74755859
Z = 14.66146469
Preco = 95000
