Proprietario = Ninguem
Upgrade = 0
Senha = (null)
Trancada = 0
Lixos = 0
X = 956.89862060
Y = 2270.66162109
Z = 11.46875000
Preco = 95000
