Proprietario = Ninguem
Upgrade = 0
Senha = (null)
Trancada = 0
Lixos = 0
X = 986.42260742
Y = 2271.75268554
Z = 11.46093750
Preco = 95000
