Proprietario = Ninguem
Upgrade = 0
Senha = (null)
Trancada = 0
Lixos = 0
X = 2507.77783203
Y = -2020.12072753
Z = 13.94822978
Preco = 95000
