Proprietario = Ninguem
Upgrade = 0
Senha = (null)
Trancada = 0
Lixos = 0
X = -2636.30029296
Y = 2351.39599609
Z = 8.50935363
Preco = 125000
