Proprietario = Ninguem
Upgrade = 0
Senha = (null)
Trancada = 0
Lixos = 0
X = 985.93389892
Y = 2314.31909179
Z = 11.46093750
Preco = 95000
