Proprietario = Ninguem
Upgrade = 0
Senha = (null)
Trancada = 0
Lixos = 0
X = 985.37902832
Y = 2343.64379882
Z = 11.46875000
Preco = 95000
