Proprietario = Ninguem
Upgrade = 0
Senha = (null)
Trancada = 0
Lixos = 0
X = 1032.58642578
Y = 2315.70898437
Z = 11.46829223
Preco = 95000
