Proprietario = Ninguem
Upgrade = 0
Senha = (null)
Trancada = 0
Lixos = 0
X = 885.41339111
Y = 2047.18212890
Z = 11.46093750
Preco = 95000
