Proprietario = Ninguem
Upgrade = 0
Senha = (null)
Trancada = 0
Lixos = 0
X = 930.29357910
Y = 2027.86218261
Z = 11.46829223
Preco = 95000
