Proprietario = Ninguem
Upgrade = 0
Senha = (null)
Trancada = 0
Lixos = 0
X = 928.99047851
Y = 2006.38244628
Z = 11.46093750
Preco = 115000
