Proprietario = Ninguem
Upgrade = 0
Senha = (null)
Trancada = 0
Lixos = 0
X = 885.96502685
Y = 1980.58813476
Z = 11.46093750
Preco = 95000
