Proprietario = Ninguem
Upgrade = 0
Senha = (null)
Trancada = 0
Lixos = 0
X = 929.91247558
Y = 1928.13806152
Z = 11.46829223
Preco = 95000
