Proprietario = Ninguem
Upgrade = 0
Senha = (null)
Trancada = 0
Lixos = 0
X = 1030.25476074
Y = 1848.02856445
Z = 11.46829223
Preco = 95000
