Proprietario = Ninguem
Upgrade = 0
Senha = (null)
Trancada = 0
Lixos = 0
X = 1030.36572265
Y = 1876.28588867
Z = 11.46875000
Preco = 95000
