Proprietario = Ninguem
Upgrade = 0
Senha = (null)
Trancada = 0
Lixos = 0
X = 2522.49926757
Y = -2018.84301757
Z = 14.07441616
Preco = 95000
