Proprietario = Ninguem
Upgrade = 0
Senha = (null)
Trancada = 0
Lixos = 0
X = -2626.90698242
Y = 2318.72973632
Z = 8.30899620
Preco = 150000
