Proprietario = Ninguem
Upgrade = 0
Senha = (null)
Trancada = 0
Lixos = 0
X = 984.64202880
Y = 1878.93786621
Z = 11.46829223
Preco = 95000
