Proprietario = Ninguem
Upgrade = 0
Senha = (null)
Trancada = 0
Lixos = 0
X = 985.85003662
Y = 1901.14904785
Z = 11.46093750
Preco = 95000
