Proprietario = Ninguem
Upgrade = 0
Senha = (null)
Trancada = 0
Lixos = 0
X = 1029.32617187
Y = 1905.90258789
Z = 11.46093750
Preco = 95000
