Proprietario = Ninguem
Upgrade = 0
Senha = (null)
Trancada = 0
Lixos = 0
X = 1030.50390625
Y = 1928.14440917
Z = 11.46829223
Preco = 95000
