Proprietario = Ninguem
Upgrade = 0
Senha = (null)
Trancada = 0
Lixos = 0
X = 985.11096191
Y = 1930.62561035
Z = 11.46875000
Preco = 95000
