Proprietario = Ninguem
Upgrade = 0
Senha = (null)
Trancada = 0
Lixos = 0
X = 1029.64782714
Y = 1976.07324218
Z = 11.46875000
Preco = 95000
