Proprietario = Ninguem
Upgrade = 0
Senha = (null)
Trancada = 0
Lixos = 0
X = 985.69256591
Y = 1978.36950683
Z = 11.46829223
Preco = 95000
