Proprietario = Ninguem
Upgrade = 0
Senha = (null)
Trancada = 0
Lixos = 0
X = 985.96264648
Y = 2000.34985351
Z = 11.46093750
Preco = 95000
