Proprietario = Ninguem
Upgrade = 0
Senha = (null)
Trancada = 0
Lixos = 0
X = 1029.34033203
Y = 2005.49780273
Z = 11.46093750
Preco = 95000
