Proprietario = Ninguem
Upgrade = 0
Senha = (null)
Trancada = 0
Lixos = 0
X = 1030.80676269
Y = 2028.14721679
Z = 11.46829223
Preco = 95000
