Proprietario = Ninguem
Upgrade = 0
Senha = (null)
Trancada = 0
Lixos = 0
X = -2464.17285156
Y = 2490.50781250
Z = 16.81250000
Preco = 65000
