Proprietario = Ninguem
Upgrade = 0
Senha = (null)
Trancada = 0
Lixos = 0
X = 2786.72900390
Y = -1952.47570800
Z = 13.54687500
Preco = 100000
