Proprietario = Ninguem
Upgrade = 0
Senha = (null)
Trancada = 0
Lixos = 0
X = 2523.62915039
Y = -1998.98132324
Z = 13.78261089
Preco = 95000
