Proprietario = Ninguem
Upgrade = 0
Senha = (null)
Trancada = 0
Lixos = 0
X = -2627.04565429
Y = 2309.92919921
Z = 8.31011390
Preco = 150000
