Proprietario = Ninguem
Upgrade = 0
Senha = (null)
Trancada = 0
Lixos = 0
X = 984.50799560
Y = 2030.14880371
Z = 11.46875000
Preco = 95000
