Proprietario = Ninguem
Upgrade = 0
Senha = (null)
Trancada = 0
Lixos = 0
X = 1084.62512207
Y = 2031.76733398
Z = 11.46829223
Preco = 95000
