Proprietario = Ninguem
Upgrade = 0
Senha = (null)
Trancada = 0
Lixos = 0
X = 1086.74450683
Y = 2000.95666503
Z = 11.46093750
Preco = 95000
