Proprietario = Ninguem
Upgrade = 0
Senha = (null)
Trancada = 0
Lixos = 0
X = 1084.95910644
Y = 1976.73413085
Z = 11.46875000
Preco = 95000
