Proprietario = Ninguem
Upgrade = 0
Senha = (null)
Trancada = 0
Lixos = 0
X = 1319.62561035
Y = 2028.07177734
Z = 11.46829223
Preco = 95000
