Proprietario = Ninguem
Upgrade = 0
Senha = (null)
Trancada = 0
Lixos = 0
X = 1318.80358886
Y = 2005.85009765
Z = 11.46093750
Preco = 95000
