Proprietario = Ninguem
Upgrade = 0
Senha = (null)
Trancada = 0
Lixos = 0
X = 1319.68676757
Y = 1975.94299316
Z = 11.46875000
Preco = 95000
