Proprietario = Ninguem
Upgrade = 0
Senha = (null)
Trancada = 0
Lixos = 0
X = 1309.29626464
Y = 1932.05346679
Z = 11.46093750
Preco = 95000
