Proprietario = Ninguem
Upgrade = 0
Senha = (null)
Trancada = 0
Lixos = 0
X = 1336.31713867
Y = 1931.86206054
Z = 11.46093750
Preco = 95000
