Proprietario = Ninguem
Upgrade = 0
Senha = (null)
Trancada = 0
Lixos = 0
X = 1365.34643554
Y = 1931.65515136
Z = 11.46829223
Preco = 95000
