Proprietario = Ninguem
Upgrade = 0
Senha = (null)
Trancada = 0
Lixos = 0
X = 2508.35009765
Y = -1999.54223632
Z = 13.64066982
Preco = 95000
