Proprietario = Ninguem
Upgrade = 0
Senha = (null)
Trancada = 0
Lixos = 0
X = -2627.31958007
Y = 2291.98510742
Z = 8.31232070
Preco = 150000
