Proprietario = Ninguem
Upgrade = 0
Senha = (null)
Trancada = 0
Lixos = 0
X = 1365.20043945
Y = 1896.69348144
Z = 11.46875000
Preco = 95000
