Proprietario = Ninguem
Upgrade = 0
Senha = (null)
Trancada = 0
Lixos = 0
X = 1407.36865234
Y = 1896.96691894
Z = 11.46093750
Preco = 115000
