Proprietario = Ninguem
Upgrade = 0
Senha = (null)
Trancada = 0
Lixos = 0
X = 1409.10656738
Y = 1919.91918945
Z = 11.46875000
Preco = 95000
