Proprietario = Ninguem
Upgrade = 0
Senha = (null)
Trancada = 0
Lixos = 0
X = 1412.59240722
Y = 1951.66381835
Z = 11.45312500
Preco = 95000
