Proprietario = Ninguem
Upgrade = 0
Senha = (null)
Trancada = 0
Lixos = 0
X = 1439.60559082
Y = 1951.84069824
Z = 11.46093750
Preco = 95000
