Proprietario = Ninguem
Upgrade = 0
Senha = (null)
Trancada = 0
Lixos = 0
X = 1365.59655761
Y = 1974.17517089
Z = 11.46093750
Preco = 95000
