Proprietario = Ninguem
Upgrade = 0
Senha = (null)
Trancada = 0
Lixos = 0
X = 1364.67565917
Y = 2003.73339843
Z = 11.46093750
Preco = 95000
