Proprietario = Ninguem
Upgrade = 0
Senha = (null)
Trancada = 0
Lixos = 0
X = 1365.41540527
Y = 2027.90905761
Z = 11.46093750
Preco = 95000
