Proprietario = Ninguem
Upgrade = 0
Senha = (null)
Trancada = 0
Lixos = 0
X = 1414.53515625
Y = 2003.83789062
Z = 10.82031250
Preco = 95000
