Proprietario = Ninguem
Upgrade = 0
Senha = (null)
Trancada = 0
Lixos = 0
X = 1408.32458496
Y = 2003.89306640
Z = 10.82031250
Preco = 95000
