Proprietario = Ninguem
Upgrade = 0
Senha = (null)
Trancada = 0
Lixos = 0
X = -2627.49389648
Y = 2283.38208007
Z = 8.31372451
Preco = 150000
