Proprietario = Ninguem
Upgrade = 0
Senha = (null)
Trancada = 0
Lixos = 0
X = 2483.47973632
Y = -1996.72375488
Z = 13.83432388
Preco = 95000
