Proprietario = Ninguem
Upgrade = 0
Senha = (null)
Trancada = 0
Lixos = 0
X = 1408.16577148
Y = 1996.65222167
Z = 10.82031250
Preco = 95000
