Proprietario = Ninguem
Upgrade = 0
Senha = (null)
Trancada = 0
Lixos = 0
X = 1414.46154785
Y = 1996.63610839
Z = 10.82031250
Preco = 95000
