Proprietario = Ninguem
Upgrade = 0
Senha = (null)
Trancada = 0
Lixos = 0
X = 1408.32763671
Y = 1996.96606445
Z = 14.73958873
Preco = 95000
