Proprietario = Ninguem
Upgrade = 0
Senha = (null)
Trancada = 0
Lixos = 0
X = 1408.35290527
Y = 2003.63330078
Z = 14.73958873
Preco = 95000
