Proprietario = Ninguem
Upgrade = 0
Senha = (null)
Trancada = 0
Lixos = 0
X = 1414.46154785
Y = 1996.35998535
Z = 14.73958873
Preco = 95000
