Proprietario = Ninguem
Upgrade = 0
Senha = (null)
Trancada = 0
Lixos = 0
X = 1414.46667480
Y = 2003.91149902
Z = 14.73958873
Preco = 95000
