Proprietario = Ninguem
Upgrade = 0
Senha = (null)
Trancada = 0
Lixos = 0
X = 1421.86901855
Y = 2026.85302734
Z = 10.82031250
Preco = 95000
