Proprietario = Ninguem
Upgrade = 0
Senha = (null)
Trancada = 0
Lixos = 0
X = 1422.25537109
Y = 2033.08190917
Z = 10.82031250
Preco = 95000
