Proprietario = Ninguem
Upgrade = 0
Senha = (null)
Trancada = 0
Lixos = 0
X = 1415.04064941
Y = 2033.29199218
Z = 10.82031250
Preco = 95000
