Proprietario = Ninguem
Upgrade = 0
Senha = (null)
Trancada = 0
Lixos = 0
X = 1415.37109375
Y = 2026.92553710
Z = 10.82031250
Preco = 95000
