Proprietario = Ninguem
Upgrade = 0
Senha = (null)
Trancada = 0
Lixos = 0
X = -2582.77954101
Y = 2300.31762695
Z = 7.00288581
Preco = 150000
