Proprietario = Ninguem
Upgrade = 0
Senha = (null)
Trancada = 0
Lixos = 0
X = 2465.20556640
Y = -1996.52514648
Z = 13.68886089
Preco = 95000
