Proprietario = Ninguem
Upgrade = 0
Senha = (null)
Trancada = 0
Lixos = 0
X = 1414.70190429
Y = 2033.22851562
Z = 14.73958873
Preco = 95000
