Proprietario = Ninguem
Upgrade = 0
Senha = (null)
Trancada = 0
Lixos = 0
X = 1414.70239257
Y = 2027.00024414
Z = 14.73958873
Preco = 95000
