Proprietario = Ninguem
Upgrade = 0
Senha = (null)
Trancada = 0
Lixos = 0
X = 1422.24169921
Y = 2026.95324707
Z = 14.73958873
Preco = 95000
