Proprietario = Ninguem
Upgrade = 0
Senha = (null)
Trancada = 0
Lixos = 0
X = 1422.25549316
Y = 2033.19787597
Z = 14.73958873
Preco = 95000
