Proprietario = Ninguem
Upgrade = 0
Senha = (null)
Trancada = 0
Lixos = 0
X = 1461.27893066
Y = 2026.90124511
Z = 10.82031250
Preco = 95000
