Proprietario = Ninguem
Upgrade = 0
Senha = (null)
Trancada = 0
Lixos = 0
X = 1461.27465820
Y = 2033.21972656
Z = 10.82031250
Preco = 95000
