Proprietario = Ninguem
Upgrade = 0
Senha = (null)
Trancada = 0
Lixos = 0
X = 1453.72875976
Y = 2033.28076171
Z = 10.82031250
Preco = 95000
