Proprietario = Ninguem
Upgrade = 0
Senha = (null)
Trancada = 0
Lixos = 0
X = 1453.72558593
Y = 2026.95898437
Z = 10.82031250
Preco = 95000
