Proprietario = Ninguem
Upgrade = 0
Senha = (null)
Trancada = 0
Lixos = 0
X = 1461.27856445
Y = 2026.93127441
Z = 14.73958873
Preco = 95000
