Proprietario = Ninguem
Upgrade = 0
Senha = (null)
Trancada = 0
Lixos = 0
X = 1461.27832031
Y = 2033.19091796
Z = 14.73958873
Preco = 95000
