Proprietario = Ninguem
Upgrade = 0
Senha = (null)
Trancada = 0
Lixos = 0
X = -2583.73388671
Y = 2307.77124023
Z = 7.00288581
Preco = 150000
