Proprietario = Ninguem
Upgrade = 0
Senha = (null)
Trancada = 0
Lixos = 0
X = 2333.51293945
Y = -1944.01123046
Z = 14.96875000
Preco = 100000
