Proprietario = Ninguem
Upgrade = 0
Senha = (null)
Trancada = 0
Lixos = 0
X = 1454.14892578
Y = 2033.23889160
Z = 14.73958873
Preco = 95000
