Proprietario = Ninguem
Upgrade = 0
Senha = (null)
Trancada = 0
Lixos = 0
X = 1453.72985839
Y = 2027.00366210
Z = 14.73958873
Preco = 95000
