Proprietario = Ninguem
Upgrade = 0
Senha = (null)
Trancada = 0
Lixos = 0
X = 1503.24682617
Y = 2026.98852539
Z = 10.82031250
Preco = 95000
