Proprietario = Ninguem
Upgrade = 0
Senha = (null)
Trancada = 0
Lixos = 0
X = 1495.70324707
Y = 2026.92504882
Z = 10.82031250
Preco = 95000
