Proprietario = Ninguem
Upgrade = 0
Senha = (null)
Trancada = 0
Lixos = 0
X = 1503.24523925
Y = 2033.20385742
Z = 10.82031250
Preco = 95000
