Proprietario = Ninguem
Upgrade = 0
Senha = (null)
Trancada = 0
Lixos = 0
X = 1495.69628906
Y = 2033.14831542
Z = 10.82031250
Preco = 95000
