Proprietario = Ninguem
Upgrade = 0
Senha = (null)
Trancada = 0
Lixos = 0
X = 1495.69250488
Y = 2033.14379882
Z = 14.73958873
Preco = 95000
