Proprietario = Ninguem
Upgrade = 0
Senha = (null)
Trancada = 0
Lixos = 0
X = 1503.24633789
Y = 2033.15307617
Z = 14.73958873
Preco = 95000
