Proprietario = Ninguem
Upgrade = 0
Senha = (null)
Trancada = 0
Lixos = 0
X = 1495.69299316
Y = 2026.95129394
Z = 14.73958873
Preco = 95000
