Proprietario = Ninguem
Upgrade = 0
Senha = (null)
Trancada = 0
Lixos = 0
X = 1503.23522949
Y = 2026.97912597
Z = 14.73958873
Preco = 95000
