Proprietario = Ninguem
Upgrade = 0
Senha = (null)
Trancada = 0
Lixos = 0
X = -2552.13818359
Y = 2266.47265625
Z = 5.47552490
Preco = 115000
