Proprietario = Ninguem
Upgrade = 0
Senha = (null)
Trancada = 0
Lixos = 0
X = 2333.16894531
Y = -1883.11279296
Z = 15.00000000
Preco = 100000
