Proprietario = Ninguem
Upgrade = 0
Senha = (null)
Trancada = 0
Lixos = 0
X = 1542.27087402
Y = 2026.91442871
Z = 10.82031250
Preco = 95000
