Proprietario = Ninguem
Upgrade = 0
Senha = (null)
Trancada = 0
Lixos = 0
X = 1534.71667480
Y = 2026.91809082
Z = 10.82031250
Preco = 95000
