Proprietario = Ninguem
Upgrade = 0
Senha = (null)
Trancada = 0
Lixos = 0
X = 1534.71838378
Y = 2033.15698242
Z = 10.82031250
Preco = 95000
