Proprietario = Ninguem
Upgrade = 0
Senha = (null)
Trancada = 0
Lixos = 0
X = 1542.26708984
Y = 2033.15869140
Z = 10.82031250
Preco = 95000
