Proprietario = Ninguem
Upgrade = 0
Senha = (null)
Trancada = 0
Lixos = 0
X = 1534.82934570
Y = 2033.19543457
Z = 14.73958873
Preco = 95000
