Proprietario = Ninguem
Upgrade = 0
Senha = (null)
Trancada = 0
Lixos = 0
X = 1542.27038574
Y = 2033.09753417
Z = 14.73958873
Preco = 95000
