Proprietario = Ninguem
Upgrade = 0
Senha = (null)
Trancada = 0
Lixos = 0
X = 1534.71691894
Y = 2026.97766113
Z = 14.73958873
Preco = 95000
