Proprietario = Ninguem
Upgrade = 0
Senha = (null)
Trancada = 0
Lixos = 0
X = 1541.91174316
Y = 2026.96899414
Z = 14.73958873
Preco = 95000
