Proprietario = Ninguem
Upgrade = 0
Senha = (null)
Trancada = 0
Lixos = 0
X = 1542.36682128
Y = 1996.35437011
Z = 10.82031250
Preco = 95000
