Proprietario = Ninguem
Upgrade = 0
Senha = (null)
Trancada = 0
Lixos = 0
X = 1542.45507812
Y = 2003.90808105
Z = 10.82031250
Preco = 95000
