Proprietario = Ninguem
Upgrade = 0
Senha = (null)
Trancada = 0
Lixos = 0
X = -2523.86547851
Y = 2238.93432617
Z = 5.39843750
Preco = 115000
