Proprietario = Ninguem
Upgrade = 0
Senha = (null)
Trancada = 0
Lixos = 0
X = 2306.38354492
Y = -1882.42785644
Z = 14.23943710
Preco = 95000
