Proprietario = Ninguem
Upgrade = 0
Senha = (null)
Trancada = 0
Lixos = 0
X = 1548.66857910
Y = 2003.90856933
Z = 10.82031250
Preco = 95000
