Proprietario = Ninguem
Upgrade = 0
Senha = (null)
Trancada = 0
Lixos = 0
X = 1548.66882324
Y = 2003.90515136
Z = 14.73958873
Preco = 95000
