Proprietario = Ninguem
Upgrade = 0
Senha = (null)
Trancada = 0
Lixos = 0
X = 1542.38549804
Y = 1996.35937500
Z = 14.73958873
Preco = 95000
