Proprietario = Ninguem
Upgrade = 0
Senha = (null)
Trancada = 0
Lixos = 0
X = 1542.44335937
Y = 2003.90441894
Z = 14.73958873
Preco = 95000
