Proprietario = Ninguem
Upgrade = 0
Senha = (null)
Trancada = 0
Lixos = 0
X = 1548.64282226
Y = 1996.35656738
Z = 14.73958873
Preco = 95000
