Proprietario = Ninguem
Upgrade = 0
Senha = (null)
Trancada = 0
Lixos = 0
X = 1554.38745117
Y = 2074.05126953
Z = 11.35937500
Preco = 95000
