Proprietario = Ninguem
Upgrade = 0
Senha = (null)
Trancada = 0
Lixos = 0
X = 1550.26635742
Y = 2096.47216796
Z = 11.46093750
Preco = 95000
