Proprietario = Ninguem
Upgrade = 0
Senha = (null)
Trancada = 0
Lixos = 0
X = 1549.26770019
Y = 2125.48266601
Z = 11.46093750
Preco = 95000
