Proprietario = Ninguem
Upgrade = 0
Senha = (null)
Trancada = 0
Lixos = 0
X = 1596.92834472
Y = 2147.30615234
Z = 11.46093750
Preco = 95000
