Proprietario = Ninguem
Upgrade = 0
Senha = (null)
Trancada = 0
Lixos = 0
X = -2437.43872070
Y = 2354.56518554
Z = 5.44306564
Preco = 95000
