Proprietario = Ninguem
Upgrade = 0
Senha = (null)
Trancada = 0
Lixos = 0
X = 2302.14990234
Y = -1882.25756835
Z = 14.23437500
Preco = 95000
