Proprietario = Ninguem
Upgrade = 0
Senha = (null)
Trancada = 0
Lixos = 0
X = 1641.25805664
Y = 2149.68774414
Z = 11.31250000
Preco = 95000
