Proprietario = Ninguem
Upgrade = 0
Senha = (null)
Trancada = 0
Lixos = 0
X = 1645.45166015
Y = 2127.38012695
Z = 11.20312500
Preco = 95000
