Proprietario = Ninguem
Upgrade = 0
Senha = (null)
Trancada = 0
Lixos = 0
X = 1596.18054199
Y = 2123.27465820
Z = 11.46093750
Preco = 95000
