Proprietario = Ninguem
Upgrade = 0
Senha = (null)
Trancada = 0
Lixos = 0
X = 1596.91320800
Y = 2093.63867187
Z = 11.31250000
Preco = 95000
