Proprietario = Ninguem
Upgrade = 0
Senha = (null)
Trancada = 0
Lixos = 0
X = 1640.21374511
Y = 2102.82812500
Z = 11.31250000
Preco = 95000
