Proprietario = Ninguem
Upgrade = 0
Senha = (null)
Trancada = 0
Lixos = 0
X = 1640.35192871
Y = 2075.66918945
Z = 11.31250000
Preco = 95000
