Proprietario = Ninguem
Upgrade = 0
Senha = (null)
Trancada = 0
Lixos = 0
X = 1595.29553222
Y = 2071.04150390
Z = 11.31985473
Preco = 95000
