Proprietario = Ninguem
Upgrade = 0
Senha = (null)
Trancada = 0
Lixos = 0
X = 1595.49914550
Y = 2038.22387695
Z = 11.46875000
Preco = 95000
