Proprietario = Ninguem
Upgrade = 0
Senha = (null)
Trancada = 0
Lixos = 0
X = 1641.42199707
Y = 2044.93774414
Z = 11.31985473
Preco = 95000
