Proprietario = Ninguem
Upgrade = 0
Senha = (null)
Trancada = 0
Lixos = 0
X = 1684.97216796
Y = 2046.60766601
Z = 11.46875000
Preco = 95000
