Proprietario = Ninguem
Upgrade = 0
Senha = (null)
Trancada = 0
Lixos = 0
X = 2296.42358398
Y = -1882.23071289
Z = 14.23437500
Preco = 95000
