Proprietario = Ninguem
Upgrade = 0
Senha = (null)
Trancada = 0
Lixos = 0
X = -1667.96289062
Y = 2486.32666015
Z = 87.17245483
Preco = 50000
