Proprietario = Ninguem
Upgrade = 0
Senha = (null)
Trancada = 0
Lixos = 0
X = 1680.41467285
Y = 2069.23437500
Z = 11.35937500
Preco = 95000
