Proprietario = Ninguem
Upgrade = 0
Senha = (null)
Trancada = 0
Lixos = 0
X = 1685.79638671
Y = 2093.53662109
Z = 11.46093750
Preco = 95000
