Proprietario = Ninguem
Upgrade = 0
Senha = (null)
Trancada = 0
Lixos = 0
X = 1684.50976562
Y = 2123.38476562
Z = 11.46093750
Preco = 95000
