Proprietario = Ninguem
Upgrade = 0
Senha = (null)
Trancada = 0
Lixos = 0
X = 1845.76916503
Y = 741.15789794
Z = 11.46093750
Preco = 95000
