Proprietario = Ninguem
Upgrade = 0
Senha = (null)
Trancada = 0
Lixos = 0
X = 1844.00390625
Y = 718.62628173
Z = 11.46829223
Preco = 95000
