Proprietario = Ninguem
Upgrade = 0
Senha = (null)
Trancada = 0
Lixos = 0
X = 1844.53417968
Y = 690.31878662
Z = 11.45312500
Preco = 95000
