Proprietario = Ninguem
Upgrade = 0
Senha = (null)
Trancada = 0
Lixos = 0
X = 1845.50769042
Y = 661.11523437
Z = 11.46093750
Preco = 95000
