Proprietario = Ninguem
Upgrade = 0
Senha = (null)
Trancada = 0
Lixos = 0
X = 2014.00976562
Y = 651.43164062
Z = 11.46093750
Preco = 95000
