Proprietario = Ninguem
Upgrade = 0
Senha = (null)
Trancada = 0
Lixos = 0
X = 2011.26855468
Y = 694.28399658
Z = 11.46093750
Preco = 95000
