Proprietario = Ninguem
Upgrade = 0
Senha = (null)
Trancada = 0
Lixos = 0
X = 2040.75939941
Y = 695.73919677
Z = 11.45312500
Preco = 95000
