Proprietario = Ninguem
Upgrade = 0
Senha = (null)
Trancada = 0
Lixos = 0
X = -1670.09741210
Y = 2546.24780273
Z = 85.23699951
Preco = 50000
