Proprietario = Ninguem
Upgrade = 0
Senha = (null)
Trancada = 0
Lixos = 0
X = 2290.18579101
Y = -1882.20837402
Z = 14.23437500
Preco = 95000
