Proprietario = Ninguem
Upgrade = 0
Senha = (null)
Trancada = 0
Lixos = 0
X = 2043.37609863
Y = 651.81896972
Z = 11.46093750
Preco = 95000
