Proprietario = Ninguem
Upgrade = 0
Senha = (null)
Trancada = 0
Lixos = 0
X = 2065.70361328
Y = 649.86169433
Z = 11.46829223
Preco = 95000
