Proprietario = Ninguem
Upgrade = 0
Senha = (null)
Trancada = 0
Lixos = 0
X = 2069.10034179
Y = 696.51977539
Z = 11.46829223
Preco = 95000
