Proprietario = Ninguem
Upgrade = 0
Senha = (null)
Trancada = 0
Lixos = 0
X = 2091.20312500
Y = 695.18890380
Z = 11.46093750
Preco = 95000
