Proprietario = Ninguem
Upgrade = 0
Senha = (null)
Trancada = 0
Lixos = 0
X = 2123.21264648
Y = 651.51086425
Z = 11.46093750
Preco = 95000
