Proprietario = Ninguem
Upgrade = 0
Senha = (null)
Trancada = 0
Lixos = 0
X = 2120.45434570
Y = 696.09466552
Z = 11.45312500
Preco = 95000
