Proprietario = Ninguem
Upgrade = 0
Senha = (null)
Trancada = 0
Lixos = 0
X = 2178.13574218
Y = 655.85296630
Z = 11.46093750
Preco = 95000
