Proprietario = Ninguem
Upgrade = 0
Senha = (null)
Trancada = 0
Lixos = 0
X = 2206.38989257
Y = 656.62768554
Z = 11.46829223
Preco = 95000
