Proprietario = Ninguem
Upgrade = 0
Senha = (null)
Trancada = 0
Lixos = 0
X = 2228.91357421
Y = 654.99810791
Z = 11.46093750
Preco = 95000
