Proprietario = Ninguem
Upgrade = 0
Senha = (null)
Trancada = 0
Lixos = 0
X = 2786.12768554
Y = -1926.10607910
Z = 13.54687500
Preco = 100000
