Proprietario = Ninguem
Upgrade = 0
Senha = (null)
Trancada = 0
Lixos = 0
X = -2446.21313476
Y = 2491.59277343
Z = 15.32031250
Preco = 65000
