Proprietario = Ninguem
Upgrade = 0
Senha = (null)
Trancada = 0
Lixos = 0
X = -1669.64611816
Y = 2597.51953125
Z = 81.44531250
Preco = 50000
