Proprietario = Ninguem
Upgrade = 0
Senha = (null)
Trancada = 0
Lixos = 0
X = 2258.07006835
Y = 655.97772216
Z = 11.45312500
Preco = 95000
