Proprietario = Ninguem
Upgrade = 0
Senha = (null)
Trancada = 0
Lixos = 0
X = 2317.94775390
Y = 656.10241699
Z = 11.45312500
Preco = 95000
