Proprietario = Ninguem
Upgrade = 0
Senha = (null)
Trancada = 0
Lixos = 0
X = 2346.09716796
Y = 656.63549804
Z = 11.46047973
Preco = 95000
