Proprietario = Ninguem
Upgrade = 0
Senha = (null)
Trancada = 0
Lixos = 0
X = 2368.40332031
Y = 655.21246337
Z = 11.46093750
Preco = 95000
