Proprietario = Ninguem
Upgrade = 0
Senha = (null)
Trancada = 0
Lixos = 0
X = 2397.47583007
Y = 656.10888671
Z = 11.46093750
Preco = 95000
