Proprietario = Ninguem
Upgrade = 0
Senha = (null)
Trancada = 0
Lixos = 0
X = 2449.78930664
Y = 662.73785400
Z = 11.46093750
Preco = 95000
