Proprietario = Ninguem
Upgrade = 0
Senha = (null)
Trancada = 0
Lixos = 0
X = 2448.88940429
Y = 689.87945556
Z = 11.46093750
Preco = 115000
