Proprietario = Ninguem
Upgrade = 0
Senha = (null)
Trancada = 0
Lixos = 0
X = 2450.18750000
Y = 714.36187744
Z = 11.46829223
Preco = 95000
