Proprietario = Ninguem
Upgrade = 0
Senha = (null)
Trancada = 0
Lixos = 0
X = 2450.27416992
Y = 742.57360839
Z = 11.46093750
Preco = 95000
