Proprietario = Ninguem
Upgrade = 0
Senha = (null)
Trancada = 0
Lixos = 0
X = 2532.36596679
Y = 749.47570800
Z = 10.82031250
Preco = 95000
