Proprietario = Ninguem
Upgrade = 0
Senha = (null)
Trancada = 0
Lixos = 0
X = -1604.13122558
Y = 2689.70263671
Z = 55.28555679
Preco = 50000
