Proprietario = Ninguem
Upgrade = 0
Senha = (null)
Trancada = 0
Lixos = 0
X = 2278.31396484
Y = -1882.02929687
Z = 14.23437500
Preco = 95000
