Proprietario = Ninguem
Upgrade = 0
Senha = (null)
Trancada = 0
Lixos = 0
X = 2526.07617187
Y = 750.09661865
Z = 10.82031250
Preco = 95000
