Proprietario = Ninguem
Upgrade = 0
Senha = (null)
Trancada = 0
Lixos = 0
X = 2526.09960937
Y = 742.54473876
Z = 10.82031250
Preco = 95000
