Proprietario = Ninguem
Upgrade = 0
Senha = (null)
Trancada = 0
Lixos = 0
X = 2532.32763671
Y = 742.54217529
Z = 10.82031250
Preco = 95000
