Proprietario = Ninguem
Upgrade = 0
Senha = (null)
Trancada = 0
Lixos = 0
X = 2532.41894531
Y = 750.09057617
Z = 14.73958873
Preco = 95000
