Proprietario = Ninguem
Upgrade = 0
Senha = (null)
Trancada = 0
Lixos = 0
X = 2526.06665039
Y = 742.58068847
Z = 14.73958873
Preco = 95000
