Proprietario = Ninguem
Upgrade = 0
Senha = (null)
Trancada = 0
Lixos = 0
X = 2532.39013671
Y = 742.54461669
Z = 14.73958873
Preco = 95000
