Proprietario = Ninguem
Upgrade = 0
Senha = (null)
Trancada = 0
Lixos = 0
X = 2539.85009765
Y = 719.61566162
Z = 10.82031250
Preco = 95000
