Proprietario = Ninguem
Upgrade = 0
Senha = (null)
Trancada = 0
Lixos = 0
X = 2532.50708007
Y = 713.52105712
Z = 10.82031250
Preco = 95000
