Proprietario = Ninguem
Upgrade = 0
Senha = (null)
Trancada = 0
Lixos = 0
X = 2275.00146484
Y = -1882.31079101
Z = 14.23437500
Preco = 95000
