Proprietario = Ninguem
Upgrade = 0
Senha = (null)
Trancada = 0
Lixos = 0
X = -1589.91125488
Y = 2705.99487304
Z = 56.17618179
Preco = 50000
