Proprietario = Ninguem
Upgrade = 0
Senha = (null)
Trancada = 0
Lixos = 0
X = 2540.05712890
Y = 713.18969726
Z = 10.82031250
Preco = 95000
