Proprietario = Ninguem
Upgrade = 0
Senha = (null)
Trancada = 0
Lixos = 0
X = 2540.05590820
Y = 713.27954101
Z = 14.73958873
Preco = 95000
