Proprietario = Ninguem
Upgrade = 0
Senha = (null)
Trancada = 0
Lixos = 0
X = 2540.06005859
Y = 719.50256347
Z = 14.73958873
Preco = 95000
