Proprietario = Ninguem
Upgrade = 0
Senha = (null)
Trancada = 0
Lixos = 0
X = 2532.50634765
Y = 719.48962402
Z = 14.73958873
Preco = 95000
