Proprietario = Ninguem
Upgrade = 0
Senha = (null)
Trancada = 0
Lixos = 0
X = 2532.50659179
Y = 713.25512695
Z = 14.73958873
Preco = 95000
