Proprietario = Ninguem
Upgrade = 0
Senha = (null)
Trancada = 0
Lixos = 0
X = 2571.53051757
Y = 719.57147216
Z = 10.82031250
Preco = 95000
