Proprietario = Ninguem
Upgrade = 0
Senha = (null)
Trancada = 0
Lixos = 0
X = 2579.07714843
Y = 719.52941894
Z = 10.82031250
Preco = 95000
