Proprietario = Ninguem
Upgrade = 0
Senha = (null)
Trancada = 0
Lixos = 0
X = 2571.53125000
Y = 713.27435302
Z = 10.82031250
Preco = 95000
