Proprietario = Ninguem
Upgrade = 0
Senha = (null)
Trancada = 0
Lixos = 0
X = 2579.08105468
Y = 713.25012207
Z = 14.73958873
Preco = 95000
