Proprietario = Ninguem
Upgrade = 0
Senha = (null)
Trancada = 0
Lixos = 0
X = 2269.34277343
Y = -1882.51342773
Z = 14.23437500
Preco = 95000
