Proprietario = Ninguem
Upgrade = 0
Senha = (null)
Trancada = 0
Lixos = 0
X = -1577.67175292
Y = 2686.47778320
Z = 55.83593750
Preco = 50000
