Proprietario = Ninguem
Upgrade = 0
Senha = (null)
Trancada = 0
Lixos = 0
X = 2571.52832031
Y = 713.27905273
Z = 14.73958873
Preco = 95000
