Proprietario = Ninguem
Upgrade = 0
Senha = (null)
Trancada = 0
Lixos = 0
X = 2571.53100585
Y = 719.60522460
Z = 14.73958873
Preco = 95000
