Proprietario = Ninguem
Upgrade = 0
Senha = (null)
Trancada = 0
Lixos = 0
X = 2579.08276367
Y = 719.59405517
Z = 14.73958873
Preco = 95000
