Proprietario = Ninguem
Upgrade = 0
Senha = (null)
Trancada = 0
Lixos = 0
X = 2621.05615234
Y = 719.34704589
Z = 10.82031250
Preco = 95000
