Proprietario = Ninguem
Upgrade = 0
Senha = (null)
Trancada = 0
Lixos = 0
X = 2613.50561523
Y = 719.50555419
Z = 10.82031250
Preco = 95000
