Proprietario = Ninguem
Upgrade = 0
Senha = (null)
Trancada = 0
Lixos = 0
X = 2613.51196289
Y = 713.31915283
Z = 10.82031250
Preco = 95000
