Proprietario = Ninguem
Upgrade = 0
Senha = (null)
Trancada = 0
Lixos = 0
X = 2621.05761718
Y = 713.37231445
Z = 10.82031250
Preco = 95000
