Proprietario = Ninguem
Upgrade = 0
Senha = (null)
Trancada = 0
Lixos = 0
X = 2621.05541992
Y = 713.30291748
Z = 14.73958873
Preco = 95000
