Proprietario = Ninguem
Upgrade = 0
Senha = (null)
Trancada = 0
Lixos = 0
X = 2613.67358398
Y = 713.30096435
Z = 14.73958873
Preco = 95000
