Proprietario = Ninguem
Upgrade = 0
Senha = (null)
Trancada = 0
Lixos = 0
X = 2621.05834960
Y = 719.40240478
Z = 14.73958873
Preco = 95000
