Proprietario = Ninguem
Upgrade = 0
Senha = (null)
Trancada = 0
Lixos = 0
X = -1565.11779785
Y = 2712.00585937
Z = 55.85937500
Preco = 50000
