Proprietario = Ninguem
Upgrade = 0
Senha = (null)
Trancada = 0
Lixos = 0
X = 2263.16333007
Y = -1882.38745117
Z = 14.23437500
Preco = 95000
