Proprietario = Ninguem
Upgrade = 0
Senha = (null)
Trancada = 0
Lixos = 0
X = 2652.53051757
Y = 719.58721923
Z = 10.82031250
Preco = 95000
