Proprietario = Ninguem
Upgrade = 0
Senha = (null)
Trancada = 0
Lixos = 0
X = 2652.52978515
Y = 713.31103515
Z = 10.82031250
Preco = 95000
