Proprietario = Ninguem
Upgrade = 0
Senha = (null)
Trancada = 0
Lixos = 0
X = 2660.07299804
Y = 713.20855712
Z = 10.82031250
Preco = 95000
