Proprietario = Ninguem
Upgrade = 0
Senha = (null)
Trancada = 0
Lixos = 0
X = 2660.07763671
Y = 719.48492431
Z = 10.82031250
Preco = 95000
