Proprietario = Ninguem
Upgrade = 0
Senha = (null)
Trancada = 0
Lixos = 0
X = 2660.08325195
Y = 713.21173095
Z = 14.73958873
Preco = 95000
