Proprietario = Ninguem
Upgrade = 0
Senha = (null)
Trancada = 0
Lixos = 0
X = 2660.08007812
Y = 719.38244628
Z = 14.73958873
Preco = 95000
