Proprietario = Ninguem
Upgrade = 0
Senha = (null)
Trancada = 0
Lixos = 0
X = 2652.53613281
Y = 719.44909667
Z = 14.73958873
Preco = 95000
