Proprietario = Ninguem
Upgrade = 0
Senha = (null)
Trancada = 0
Lixos = 0
X = 2652.53393554
Y = 713.25427246
Z = 14.73958873
Preco = 95000
