Proprietario = Ninguem
Upgrade = 0
Senha = (null)
Trancada = 0
Lixos = 0
X = 2660.34106445
Y = 750.09002685
Z = 10.82031250
Preco = 95000
