Proprietario = Ninguem
Upgrade = 0
Senha = (null)
Trancada = 0
Lixos = 0
X = 2660.23144531
Y = 742.54852294
Z = 10.82031250
Preco = 95000
