Proprietario = Ninguem
Upgrade = 0
Senha = (null)
Trancada = 0
Lixos = 0
X = 2259.53784179
Y = -1882.21032714
Z = 14.23437500
Preco = 95000
