Proprietario = Ninguem
Upgrade = 0
Senha = (null)
Trancada = 0
Lixos = 0
X = -1550.43432617
Y = 2699.76171875
Z = 56.26993179
Preco = 50000
