Proprietario = Ninguem
Upgrade = 0
Senha = (null)
Trancada = 0
Lixos = 0
X = 2666.45312500
Y = 742.54583740
Z = 10.82031250
Preco = 95000
