Proprietario = Ninguem
Upgrade = 0
Senha = (null)
Trancada = 0
Lixos = 0
X = 2666.45385742
Y = 750.08618164
Z = 10.82031250
Preco = 95000
