Proprietario = Ninguem
Upgrade = 0
Senha = (null)
Trancada = 0
Lixos = 0
X = 2666.69921875
Y = 750.08575439
Z = 14.73958873
Preco = 95000
