Proprietario = Ninguem
Upgrade = 0
Senha = (null)
Trancada = 0
Lixos = 0
X = 2660.30151367
Y = 750.09002685
Z = 14.73958873
Preco = 95000
