Proprietario = Ninguem
Upgrade = 0
Senha = (null)
Trancada = 0
Lixos = 0
X = 2666.48828125
Y = 742.54522705
Z = 14.73958873
Preco = 95000
