Proprietario = Ninguem
Upgrade = 0
Senha = (null)
Trancada = 0
Lixos = 0
X = 2660.29321289
Y = 742.55267333
Z = 14.73958873
Preco = 95000
