Proprietario = Ninguem
Upgrade = 0
Senha = (null)
Trancada = 0
Lixos = 0
X = 2398.34545898
Y = 736.09570312
Z = 11.46093750
Preco = 95000
