Proprietario = Ninguem
Upgrade = 0
Senha = (null)
Trancada = 0
Lixos = 0
X = 2396.79907226
Y = 690.34948730
Z = 11.45312500
Preco = 95000
