Proprietario = Ninguem
Upgrade = 0
Senha = (null)
Trancada = 0
Lixos = 0
X = 2369.10302734
Y = 735.19622802
Z = 11.46093750
Preco = 95000
