Proprietario = Ninguem
Upgrade = 0
Senha = (null)
Trancada = 0
Lixos = 0
X = 2346.51708984
Y = 736.63830566
Z = 11.46829223
Preco = 95000
