Proprietario = Ninguem
Upgrade = 0
Senha = (null)
Trancada = 0
Lixos = 0
X = 2251.86645507
Y = -1882.10437011
Z = 14.23437500
Preco = 95000
