Proprietario = Ninguem
Upgrade = 0
Senha = (null)
Trancada = 0
Lixos = 0
X = -1529.76513671
Y = 2686.16821289
Z = 55.83593750
Preco = 50000
