Proprietario = Ninguem
Upgrade = 0
Senha = (null)
Trancada = 0
Lixos = 0
X = 2368.54589843
Y = 689.80645751
Z = 11.46047973
Preco = 95000
