Proprietario = Ninguem
Upgrade = 0
Senha = (null)
Trancada = 0
Lixos = 0
X = 2346.54492187
Y = 691.25640869
Z = 11.46093750
Preco = 95000
