Proprietario = Ninguem
Upgrade = 0
Senha = (null)
Trancada = 0
Lixos = 0
X = 2257.67016601
Y = 736.10693359
Z = 11.46093750
Preco = 95000
