Proprietario = Ninguem
Upgrade = 0
Senha = (null)
Trancada = 0
Lixos = 0
X = 2256.73754882
Y = 690.36993408
Z = 11.45312500
Preco = 95000
