Proprietario = Ninguem
Upgrade = 0
Senha = (null)
Trancada = 0
Lixos = 0
X = 2228.50000000
Y = 735.19665527
Z = 11.46093750
Preco = 95000
