Proprietario = Ninguem
Upgrade = 0
Senha = (null)
Trancada = 0
Lixos = 0
X = 2228.55346679
Y = 689.84149169
Z = 11.46047973
Preco = 95000
