Proprietario = Ninguem
Upgrade = 0
Senha = (null)
Trancada = 0
Lixos = 0
X = 2206.47680664
Y = 691.27978515
Z = 11.46093750
Preco = 95000
