Proprietario = Ninguem
Upgrade = 0
Senha = (null)
Trancada = 0
Lixos = 0
X = 2205.90869140
Y = 736.63800048
Z = 11.46829223
Preco = 95000
