Proprietario = Ninguem
Upgrade = 0
Senha = (null)
Trancada = 0
Lixos = 0
X = 2177.71215820
Y = 736.09918212
Z = 11.46093750
Preco = 95000
