Proprietario = Ninguem
Upgrade = 0
Senha = (null)
Trancada = 0
Lixos = 0
X = -1511.84643554
Y = 2695.85278320
Z = 56.07234191
Preco = 50000
