Proprietario = Ninguem
Upgrade = 0
Senha = (null)
Trancada = 0
Lixos = 0
X = 2247.70141601
Y = -1882.02429199
Z = 14.23437500
Preco = 95000
