Proprietario = Ninguem
Upgrade = 0
Senha = (null)
Trancada = 0
Lixos = 0
X = 2177.44018554
Y = 690.36029052
Z = 11.46093750
Preco = 95000
