Proprietario = Ninguem
Upgrade = 0
Senha = (null)
Trancada = 0
Lixos = 0
X = 2169.35083007
Y = 772.17529296
Z = 11.46093750
Preco = 95000
