Proprietario = Ninguem
Upgrade = 0
Senha = (null)
Trancada = 0
Lixos = 0
X = 2123.28686523
Y = 775.94500732
Z = 11.44531250
Preco = 95000
