Proprietario = Ninguem
Upgrade = 0
Senha = (null)
Trancada = 0
Lixos = 0
X = 2122.57226562
Y = 731.26586914
Z = 11.46093750
Preco = 95000
