Proprietario = Ninguem
Upgrade = 0
Senha = (null)
Trancada = 0
Lixos = 0
X = 2093.37939453
Y = 730.36114501
Z = 11.45312500
Preco = 95000
