Proprietario = Ninguem
Upgrade = 0
Senha = (null)
Trancada = 0
Lixos = 0
X = 2094.38110351
Y = 775.01446533
Z = 11.45312500
Preco = 95000
