Proprietario = Ninguem
Upgrade = 0
Senha = (null)
Trancada = 0
Lixos = 0
X = 2071.47778320
Y = 776.63037109
Z = 11.46047973
Preco = 95000
