Proprietario = Ninguem
Upgrade = 0
Senha = (null)
Trancada = 0
Lixos = 0
X = 2064.95336914
Y = 729.83374023
Z = 11.46829223
Preco = 95000
