Proprietario = Ninguem
Upgrade = 0
Senha = (null)
Trancada = 0
Lixos = 0
X = 2042.47070312
Y = 731.28662109
Z = 11.46093750
Preco = 95000
