Proprietario = Ninguem
Upgrade = 0
Senha = (null)
Trancada = 0
Lixos = 0
X = 2043.20629882
Y = 776.10119628
Z = 11.45312500
Preco = 95000
