Proprietario = Ninguem
Upgrade = 0
Senha = (null)
Trancada = 0
Lixos = 0
X = -1491.53527832
Y = 2686.02368164
Z = 55.85937500
Preco = 50000
