Proprietario = Ninguem
Upgrade = 0
Senha = (null)
Trancada = 0
Lixos = 0
X = 2242.01440429
Y = -1882.01501464
Z = 14.23437500
Preco = 95000
