Proprietario = Ninguem
Upgrade = 0
Senha = (null)
Trancada = 0
Lixos = 0
X = 2014.23352050
Y = 775.18176269
Z = 11.46093750
Preco = 95000
