Proprietario = Ninguem
Upgrade = 0
Senha = (null)
Trancada = 0
Lixos = 0
X = 2013.40295410
Y = 730.36370849
Z = 11.45312500
Preco = 95000
