Proprietario = Ninguem
Upgrade = 0
Senha = (null)
Trancada = 0
Lixos = 0
X = -36.11769866
Y = 1115.65466308
Z = 20.93986320
Preco = 75000
