Proprietario = Ninguem
Upgrade = 0
Senha = (null)
Trancada = 0
Lixos = 0
X = -18.26557731
Y = 1115.65234375
Z = 20.93986511
Preco = 50000
