Proprietario = Ninguem
Upgrade = 0
Senha = (null)
Trancada = 0
Lixos = 0
X = 12.88563442
Y = 1113.66918945
Z = 20.93986701
Preco = 50000
