Proprietario = Ninguem
Upgrade = 0
Senha = (null)
Trancada = 0
Lixos = 0
X = 1.75260138
Y = 1076.08923339
Z = 20.93986511
Preco = 50000
