Proprietario = Ninguem
Upgrade = 0
Senha = (null)
Trancada = 0
Lixos = 0
X = -45.04924774
Y = 1081.07958984
Z = 20.93986320
Preco = 50000
