Proprietario = Ninguem
Upgrade = 0
Senha = (null)
Trancada = 0
Lixos = 0
X = -32.19223022
Y = 1038.67456054
Z = 20.93986701
Preco = 50000
