Proprietario = Ninguem
Upgrade = 0
Senha = (null)
Trancada = 0
Lixos = 0
X = -258.28738403
Y = 1168.81726074
Z = 20.93986320
Preco = 50000
