Proprietario = Ninguem
Upgrade = 0
Senha = (null)
Trancada = 0
Lixos = 0
X = -258.24777221
Y = 1151.16076660
Z = 20.93986511
Preco = 50000
