Proprietario = Ninguem
Upgrade = 0
Senha = (null)
Trancada = 0
Lixos = 0
X = -1482.54284667
Y = 2702.50610351
Z = 56.25430679
Preco = 50000
