Proprietario = Ninguem
Upgrade = 0
Senha = (null)
Trancada = 0
Lixos = 0
X = 2235.54614257
Y = -1882.10742187
Z = 14.23437500
Preco = 95000
