Proprietario = Ninguem
Upgrade = 0
Senha = (null)
Trancada = 0
Lixos = 0
X = -260.24093627
Y = 1119.94714355
Z = 20.93986701
Preco = 50000
