Proprietario = Ninguem
Upgrade = 0
Senha = (null)
Trancada = 0
Lixos = 0
X = -258.99151611
Y = 1083.06872558
Z = 20.93986701
Preco = 50000
