Proprietario = Ninguem
Upgrade = 0
Senha = (null)
Trancada = 0
Lixos = 0
X = -258.25015258
Y = 1043.77868652
Z = 20.93986320
Preco = 50000
