Proprietario = Ninguem
Upgrade = 0
Senha = (null)
Trancada = 0
Lixos = 0
X = -248.07743835
Y = 1001.10119628
Z = 20.93986511
Preco = 50000
