Proprietario = Ninguem
Upgrade = 0
Senha = (null)
Trancada = 0
Lixos = 0
X = -278.67361450
Y = 1003.07995605
Z = 20.93986701
Preco = 50000
