Proprietario = Ninguem
Upgrade = 0
Senha = (null)
Trancada = 0
Lixos = 0
X = -298.15045166
Y = 1115.66577148
Z = 20.93986511
Preco = 50000
