Proprietario = Ninguem
Upgrade = 0
Senha = (null)
Trancada = 0
Lixos = 0
X = -328.24746704
Y = 1118.54016113
Z = 20.93986320
Preco = 50000
