Proprietario = Ninguem
Upgrade = 0
Senha = (null)
Trancada = 0
Lixos = 0
X = -362.83889770
Y = 1110.63623046
Z = 20.93986511
Preco = 50000
