Proprietario = Ninguem
Upgrade = 0
Senha = (null)
Trancada = 0
Lixos = 0
X = -360.84606933
Y = 1141.86608886
Z = 20.93986701
Preco = 50000
