Proprietario = Ninguem
Upgrade = 0
Senha = (null)
Trancada = 0
Lixos = 0
X = -369.71182250
Y = 1169.62182617
Z = 20.27187538
Preco = 100000
