Proprietario = Ninguem
Upgrade = 0
Senha = (null)
Trancada = 0
Lixos = 0
X = 2752.45703125
Y = -1936.52612304
Z = 13.53936386
Preco = 100000
