Proprietario = Ninguem
Upgrade = 0
Senha = (null)
Trancada = 0
Lixos = 0
X = -2446.88525390
Y = 2512.22729492
Z = 15.70032978
Preco = 65000
