Proprietario = Ninguem
Upgrade = 0
Senha = (null)
Trancada = 0
Lixos = 0
X = -1465.86425781
Y = 2693.06787109
Z = 56.26993179
Preco = 50000
