Proprietario = Ninguem
Upgrade = 1
Senha = (null)
Trancada = 0
Lixos = 0
X = 2232.73046875
Y = -1882.11364746
Z = 14.23437500
Preco = 95000
