Proprietario = Ninguem
Upgrade = 0
Senha = (null)
Trancada = 0
Lixos = 0
X = -324.30798339
Y = 1165.66357421
Z = 20.93986320
Preco = 50000
