Proprietario = Ninguem
Upgrade = 0
Senha = (null)
Trancada = 0
Lixos = 0
X = -290.84298706
Y = 1176.82128906
Z = 20.93986701
Preco = 50000
