Proprietario = Ninguem
Upgrade = 0
Senha = (null)
Trancada = 0
Lixos = 0
X = -1450.23193359
Y = 2690.99096679
Z = 56.17618179
Preco = 50000
