Proprietario = Ninguem
Upgrade = 2
Senha = (null)
Trancada = 0
Lixos = 0
X = 2238.29492187
Y = -1906.54406738
Z = 14.93750000
Preco = 100000
