Proprietario = Ninguem
Upgrade = 0
Senha = (null)
Trancada = 0
Lixos = 0
X = -1445.13134765
Y = 2653.15039062
Z = 56.26993179
Preco = 50000
