Proprietario = Ninguem
Upgrade = 3
Senha = (null)
Trancada = 0
Lixos = 0
X = 2261.50927734
Y = -1906.54016113
Z = 14.93750000
Preco = 100000
