Proprietario = Ninguem
Upgrade = 4
Senha = (null)
Trancada = 0
Lixos = 0
X = 2284.69213867
Y = -1906.42443847
Z = 14.92968750
Preco = 100000
