Proprietario = Ninguem
Upgrade = 0
Senha = (null)
Trancada = 0
Lixos = 0
X = -1459.66381835
Y = 2653.52050781
Z = 55.83593750
Preco = 50000
