Proprietario = Ninguem
Upgrade = 0
Senha = (null)
Trancada = 0
Lixos = 0
X = -1446.57141113
Y = 2637.25146484
Z = 56.25430679
Preco = 50000
