Proprietario = Ninguem
Upgrade = 0
Senha = (null)
Trancada = 0
Lixos = 0
X = -1532.54333496
Y = 2656.62646484
Z = 56.28136062
Preco = 95000
