Proprietario = Ninguem
Upgrade = 0
Senha = (null)
Trancada = 0
Lixos = 0
X = -1512.45617675
Y = 2646.80957031
Z = 56.17618179
Preco = 50000
