Proprietario = Ninguem
Upgrade = 0
Senha = (null)
Trancada = 0
Lixos = 0
X = -1568.18200683
Y = 2630.31640625
Z = 55.84027862
Preco = 50000
