Proprietario = Ninguem
Upgrade = 0
Senha = (null)
Trancada = 0
Lixos = 0
X = -1563.59533691
Y = 2651.19458007
Z = 55.92343902
Preco = 50000
