Proprietario = Ninguem
Upgrade = 0
Senha = (null)
Trancada = 0
Lixos = 0
X = -1587.02758789
Y = 2650.08154296
Z = 55.85937500
Preco = 50000
