Proprietario = Ninguem
Upgrade = 0
Senha = (null)
Trancada = 0
Lixos = 0
X = 2751.97338867
Y = -1962.93994140
Z = 13.54687500
Preco = 100000
