Proprietario = Ninguem
Upgrade = 0
Senha = (null)
Trancada = 0
Lixos = 0
X = -2422.28076171
Y = 2491.28735351
Z = 13.13682937
Preco = 65000
