Proprietario = Ninguem
Upgrade = 0
Senha = (null)
Trancada = 0
Lixos = 0
X = -1507.39978027
Y = 2560.79858398
Z = 55.83593750
Preco = 75000
