Proprietario = Ninguem
Upgrade = 0
Senha = (null)
Trancada = 0
Lixos = 0
X = -1478.61938476
Y = 2547.14599609
Z = 56.25430679
Preco = 50000
