Proprietario = Ninguem
Upgrade = 0
Senha = (null)
Trancada = 0
Lixos = 0
X = -1476.16809082
Y = 2563.28979492
Z = 56.17618179
Preco = 50000
