Proprietario = Ninguem
Upgrade = 0
Senha = (null)
Trancada = 0
Lixos = 0
X = -255.14671325
Y = 2603.30590820
Z = 62.85815429
Preco = 170000
