Proprietario = Ninguem
Upgrade = 0
Senha = (null)
Trancada = 0
Lixos = 0
X = -311.42236328
Y = 2726.86523437
Z = 63.07234191
Preco = 50000
