Proprietario = Ninguem
Upgrade = 0
Senha = (null)
Trancada = 0
Lixos = 0
X = -279.52951049
Y = 2721.83959960
Z = 62.79062652
Preco = 50000
