Proprietario = Ninguem
Upgrade = 0
Senha = (null)
Trancada = 0
Lixos = 0
X = -275.40139770
Y = 2736.38330078
Z = 62.75430679
Preco = 50000
