Proprietario = Ninguem
Upgrade = 0
Senha = (null)
Trancada = 0
Lixos = 0
X = -287.64581298
Y = 2758.08813476
Z = 62.51211929
Preco = 50000
