Proprietario = Ninguem
Upgrade = 0
Senha = (null)
Trancada = 0
Lixos = 0
X = -268.70242309
Y = 2769.46240234
Z = 61.87325286
Preco = 50000
