Proprietario = Ninguem
Upgrade = 0
Senha = (null)
Trancada = 0
Lixos = 0
X = -257.97021484
Y = 2782.95043945
Z = 62.68750000
Preco = 50000
