Proprietario = Ninguem
Upgrade = 0
Senha = (null)
Trancada = 0
Lixos = 0
X = -2348.78027343
Y = 2423.19287109
Z = 7.33827590
Preco = 125000
