Proprietario = Ninguem
Upgrade = 0
Senha = (null)
Trancada = 0
Lixos = 0
X = 2735.38037109
Y = -1952.42272949
Z = 13.53936386
Preco = 100000
