Proprietario = Ninguem
Upgrade = 0
Senha = (null)
Trancada = 0
Lixos = 0
X = -219.58425903
Y = 2767.56884765
Z = 62.79062652
Preco = 50000
