Proprietario = Ninguem
Upgrade = 0
Senha = (null)
Trancada = 0
Lixos = 0
X = -232.39175415
Y = 2807.49731445
Z = 62.05468750
Preco = 50000
