Proprietario = Ninguem
Upgrade = 0
Senha = (null)
Trancada = 0
Lixos = 0
X = -201.70254516
Y = 2771.46704101
Z = 62.34577941
Preco = 50000
