Proprietario = Ninguem
Upgrade = 0
Senha = (null)
Trancada = 0
Lixos = 0
X = -165.93530273
Y = 2763.55004882
Z = 62.77330398
Preco = 50000
