Proprietario = Ninguem
Upgrade = 0
Senha = (null)
Trancada = 0
Lixos = 0
X = -155.10838317
Y = 2759.18676757
Z = 62.77330398
Preco = 50000
