Proprietario = Ninguem
Upgrade = 0
Senha = (null)
Trancada = 0
Lixos = 0
X = -161.45240783
Y = 2728.05126953
Z = 62.20738220
Preco = 50000
