Proprietario = Ninguem
Upgrade = 0
Senha = (null)
Trancada = 0
Lixos = 0
X = -168.58564758
Y = 2707.40502929
Z = 62.53940200
Preco = 50000
