Proprietario = Ninguem
Upgrade = 0
Senha = (null)
Trancada = 0
Lixos = 0
X = -150.04588317
Y = 2687.78076171
Z = 62.42968750
Preco = 50000
