Proprietario = Ninguem
Upgrade = 0
Senha = (null)
Trancada = 0
Lixos = 0
X = 1223.73620605
Y = 2616.74682617
Z = 10.82031250
Preco = 150000
