Proprietario = Ninguem
Upgrade = 0
Senha = (null)
Trancada = 0
Lixos = 0
X = 2735.73925781
Y = -1926.20703125
Z = 13.54687500
Preco = 100000
