Proprietario = Ninguem
Upgrade = 0
Senha = (null)
Trancada = 0
Lixos = 0
X = -2381.63183593
Y = 2407.25439453
Z = 8.88280487
Preco = 125000
