Proprietario = Ninguem
Upgrade = 0
Senha = (null)
Trancada = 0
Lixos = 0
X = 1265.39306640
Y = 2608.43969726
Z = 10.82031250
Preco = 150000
