Proprietario = Ninguem
Upgrade = 0
Senha = (null)
Trancada = 0
Lixos = 0
X = 1284.94299316
Y = 2609.81152343
Z = 10.82031250
Preco = 150000
