Proprietario = Ninguem
Upgrade = 0
Senha = (null)
Trancada = 0
Lixos = 0
X = 1313.83630371
Y = 2609.49780273
Z = 11.05491828
Preco = 125000
