Proprietario = Ninguem
Upgrade = 0
Senha = (null)
Trancada = 0
Lixos = 0
X = 1325.64782714
Y = 2569.04443359
Z = 10.82031250
Preco = 150000
