Proprietario = Ninguem
Upgrade = 0
Senha = (null)
Trancada = 0
Lixos = 0
X = 1344.60046386
Y = 2608.91479492
Z = 10.82031250
Preco = 125000
