Proprietario = Ninguem
Upgrade = 0
Senha = (null)
Trancada = 0
Lixos = 0
X = 1349.65319824
Y = 2567.93652343
Z = 10.82031250
Preco = 150000
