Proprietario = Ninguem
Upgrade = 0
Senha = (null)
Trancada = 0
Lixos = 0
X = 1359.83190917
Y = 2565.55761718
Z = 10.82654380
Preco = 150000
