Proprietario = Ninguem
Upgrade = 0
Senha = (null)
Trancada = 0
Lixos = 0
X = 1417.71850585
Y = 2568.96191406
Z = 10.82031250
Preco = 150000
