Proprietario = Ninguem
Upgrade = 0
Senha = (null)
Trancada = 0
Lixos = 0
X = 1451.30078125
Y = 2565.59570312
Z = 10.82654380
Preco = 150000
