Proprietario = Ninguem
Upgrade = 0
Senha = (null)
Trancada = 0
Lixos = 0
X = 2696.34741210
Y = -1991.76599121
Z = 13.55468750
Preco = 95000
