Proprietario = Ninguem
Upgrade = 0
Senha = (null)
Trancada = 0
Lixos = 0
X = -2379.42919921
Y = 2444.08593750
Z = 10.16935539
Preco = 150000
