Proprietario = Ninguem
Upgrade = 0
Senha = (null)
Trancada = 0
Lixos = 0
X = 1455.42675781
Y = 2525.63305664
Z = 10.82031250
Preco = 175000
