Proprietario = Ninguem
Upgrade = 0
Senha = (null)
Trancada = 0
Lixos = 0
X = 1499.47778320
Y = 2535.33300781
Z = 10.82031250
Preco = 175000
