Proprietario = Ninguem
Upgrade = 0
Senha = (null)
Trancada = 0
Lixos = 0
X = 1503.29357910
Y = 2569.39306640
Z = 10.82031250
Preco = 150000
