Proprietario = Ninguem
Upgrade = 0
Senha = (null)
Trancada = 0
Lixos = 0
X = 1515.92370605
Y = 2610.00195312
Z = 11.29893302
Preco = 150000
