Proprietario = Ninguem
Upgrade = 0
Senha = (null)
Trancada = 0
Lixos = 0
X = 1513.13171386
Y = 2566.55957031
Z = 10.82031250
Preco = 150000
