Proprietario = Ninguem
Upgrade = 0
Senha = (null)
Trancada = 0
Lixos = 0
X = 1551.54943847
Y = 2569.40722656
Z = 10.82031250
Preco = 150000
