Proprietario = Ninguem
Upgrade = 0
Senha = (null)
Trancada = 0
Lixos = 0
X = 1535.19238281
Y = 2607.87963867
Z = 10.82031250
Preco = 125000
