Proprietario = Ninguem
Upgrade = 0
Senha = (null)
Trancada = 0
Lixos = 0
X = 1554.64404296
Y = 2608.49804687
Z = 10.82031250
Preco = 125000
