Proprietario = Ninguem
Upgrade = 0
Senha = (null)
Trancada = 0
Lixos = 0
X = 1564.58044433
Y = 2567.24658203
Z = 10.82031250
Preco = 150000
