Proprietario = Ninguem
Upgrade = 0
Senha = (null)
Trancada = 0
Lixos = 0
X = 1596.54248046
Y = 2568.30151367
Z = 10.82031250
Preco = 150000
