Proprietario = Ninguem
Upgrade = 0
Senha = (null)
Trancada = 0
Lixos = 0
X = 2672.64453125
Y = -1991.08459472
Z = 13.99354743
Preco = 95000
