Proprietario = Ninguem
Upgrade = 0
Senha = (null)
Trancada = 0
Lixos = 0
X = -2386.54272460
Y = 2447.00097656
Z = 10.16935539
Preco = 150000
