Proprietario = Ninguem
Upgrade = 0
Senha = (null)
Trancada = 0
Lixos = 0
X = 1623.47937011
Y = 2568.65576171
Z = 10.82031250
Preco = 150000
