Proprietario = Ninguem
Upgrade = 0
Senha = (null)
Trancada = 0
Lixos = 0
X = 1646.52026367
Y = 2571.48510742
Z = 10.82031250
Preco = 150000
