Proprietario = Ninguem
Upgrade = 0
Senha = (null)
Trancada = 0
Lixos = 0
X = 1665.72082519
Y = 2571.34521484
Z = 10.82031250
Preco = 150000
