Proprietario = Ninguem
Upgrade = 0
Senha = (null)
Trancada = 0
Lixos = 0
X = 1666.99633789
Y = 2608.77880859
Z = 10.82031250
Preco = 150000
