Proprietario = Ninguem
Upgrade = 0
Senha = (null)
Trancada = 0
Lixos = 0
X = 1638.16149902
Y = 2608.80566406
Z = 10.82031250
Preco = 150000
