Proprietario = Ninguem
Upgrade = 0
Senha = (null)
Trancada = 0
Lixos = 0
X = 1618.67663574
Y = 2608.14990234
Z = 10.82031250
Preco = 150000
