Proprietario = Ninguem
Upgrade = 0
Senha = (null)
Trancada = 0
Lixos = 0
X = 1600.45471191
Y = 2608.02587890
Z = 10.82031250
Preco = 150000
