Proprietario = Ninguem
Upgrade = 0
Senha = (null)
Trancada = 0
Lixos = 0
X = 1573.13959960
Y = 2659.68090820
Z = 10.82031250
Preco = 125000

