Proprietario = Ninguem
Upgrade = 0
Senha = (null)
Trancada = 0
Lixos = 0
X = 1610.03161621
Y = 2648.10595703
Z = 10.82031250
Preco = 150000
