Proprietario = Ninguem
Upgrade = 0
Senha = (null)
Trancada = 0
Lixos = 0
X = 1555.97070312
Y = 2659.79711914
Z = 10.82031250
Preco = 125000
